1.972414887385332705e+01
2.031194792110452951e+01
2.120844462885031945e+01
2.330492819464030063e+01
2.665409561780987957e+01
2.872209335205065983e+01
2.949996061490669064e+01
3.063151725563761829e+01
3.129337903805741661e+01
3.317523376194510831e+01
3.948392633535476648e+01
4.164480616043195482e+01
4.248725866980522170e+01
4.390103861846846200e+01
4.589741937950313400e+01
4.583490787708201708e+01
4.634418392829285693e+01
4.639843013999657018e+01
4.664008154949961948e+01
4.725017420638955912e+01
1.995412371157052789e+01
2.048025504690321696e+01
2.122825959559009235e+01
2.289001676561876053e+01
2.592853890704619602e+01
2.854469863024455734e+01
2.933520516269004830e+01
3.053813640049348521e+01
3.123040432540537026e+01
3.303322774559902797e+01
3.927342823999793353e+01
4.144049210002625472e+01
4.228730465135481609e+01
4.372987456392527861e+01
4.584116081084205518e+01
4.578128368092124134e+01
4.632835759909992390e+01
4.638606786842255048e+01
4.662109162730193646e+01
4.723010789133140008e+01
2.009614987660930652e+01
2.071070943583367807e+01
2.164423675735095642e+01
2.419030568539831449e+01
2.745303370774706764e+01
2.821587578668838248e+01
2.901766500431167017e+01
3.032446337751931864e+01
3.114653162374949602e+01
3.290645016522627486e+01
3.906538105614396983e+01
4.124260004769789845e+01
4.209216477940005063e+01
4.355858112042657382e+01
4.578279614310889656e+01
4.572572416743359014e+01
4.631130287148902624e+01
4.637309311455529581e+01
4.660209954770457585e+01
4.721008380532973803e+01
1.960793467416138824e+01
2.015376282601199875e+01
2.093969122372584835e+01
2.279568949425467750e+01
2.652287811879790169e+01
2.781458271809385607e+01
2.860505257421537806e+01
3.001700997033944418e+01
3.103687334654316032e+01
3.278872402895341054e+01
3.886008191959383140e+01
4.105115932543687762e+01
4.190220533407026693e+01
4.338775630383642579e+01
4.572243663204676523e+01
4.566833936257224735e+01
4.629303785358111867e+01
4.635951140354847411e+01
4.658310642473291097e+01
4.719010264913262631e+01
1.959057763019757559e+01
2.013773158004169872e+01
2.091059901917623876e+01
2.267898448351342111e+01
2.587103036779723197e+01
2.751534880246432735e+01
2.821806938339818416e+01
2.968879403480872625e+01
3.090358759164503155e+01
3.267625657414356510e+01
3.865780194849779150e+01
4.086613226720417202e+01
4.171769012349910355e+01
4.321794659978039022e+01
4.566019551760035000e+01
4.560924006954062548e+01
4.627358204355611093e+01
4.634532859232538726e+01
4.656411336174488014e+01
4.717016510700757692e+01
1.964433173553800316e+01
2.017617940442457680e+01
2.092958693990772545e+01
2.262364728629366439e+01
2.559878648663790557e+01
2.744162487233458592e+01
2.798704986600516875e+01
2.942546372047866399e+01
3.075649773221341476e+01
3.256734657031498870e+01
3.845878540110903998e+01
4.068742909309046496e+01
4.153879527945202454e+01
4.304964606276784878e+01
4.559618749897644818e+01
4.554853770813048186e+01
4.625295628026508865e+01
4.633055086166518066e+01
4.654512145128802558e+01
4.715027184694365303e+01
1.956609608223850927e+01
2.010904426851951499e+01
2.088312488560201530e+01
2.260285297702002794e+01
2.560728547931043053e+01
2.754477238134622041e+01
2.796158752032997796e+01
2.927832217402637127e+01
3.061122035596532953e+01
3.246201480237169790e+01
3.826324911200292433e+01
4.051492025763798210e+01
4.136562276453949494e+01
4.288329636271666345e+01
4.553052822359622809e+01
4.548634345852014604e+01
4.623118266657072439e+01
4.631518470957801981e+01
4.652613177496994723e+01
4.713042352085357578e+01
1.956899406744021164e+01
2.009802566990126493e+01
2.086202415289153578e+01
2.259361586765384189e+01
2.561490413335209482e+01
2.770987937078869479e+01
2.808053622547486938e+01
2.924787110780386001e+01
3.048468387074656505e+01
3.236153801359538562e+01
3.807138210311683935e+01
4.034844663590109803e+01
4.119821251573423382e+01
4.271928764739244855e+01
4.546333379328257962e+01
4.542276800728171793e+01
4.620828450445556257e+01
4.629923694291767333e+01
4.650714540332824498e+01
4.711062076477459470e+01
1.957042535453821586e+01
2.009918207490489195e+01
2.085722453752600813e+01
2.258363545634902536e+01
2.563428778227280347e+01
2.787197620203637172e+01
2.824541314362303268e+01
2.930183145997092353e+01
3.038990575317940213e+01
3.226790962539491403e+01
3.788334588712027085e+01
4.018782785143554293e+01
4.103655321936108891e+01
4.255796008715369538e+01
4.539472029066604364e+01
4.535792109209546652e+01
4.618428621487561259e+01
4.628271466923356314e+01
4.648816339571029488e+01
4.709086419907031740e+01
1.957188073179869292e+01
2.010079355164034709e+01
2.085720273279248360e+01
2.257934709429459730e+01
2.565052930876046844e+01
2.800847627442739807e+01
2.839387747602068401e+01
2.939991911540112923e+01
3.033269383186088319e+01
3.218329230843003330e+01
3.769927499249190106e+01
4.003286904231100607e+01
4.088059176396011196e+01
4.239960597113632446e+01
4.532480332840459170e+01
4.529191102829368987e+01
4.615921326827859872e+01
4.626562528828595333e+01
4.646918680016983672e+01
4.707115442863072730e+01
1.957352188011186911e+01
2.010240073278212591e+01
2.085870206115308179e+01
2.257978555083424155e+01
2.565769375547667153e+01
2.810729422429016111e+01
2.850686512216008239e+01
2.950850691287858751e+01
3.031156582818032419e+01
3.210954665376269190e+01
3.751927818289718175e+01
3.988336631081687500e+01
4.073024144896753285e+01
4.224447223081612179e+01
4.525369762342873514e+01
4.522484471605609002e+01
4.613309210838640695e+01
4.624797648250982718e+01
4.645021665334460437e+01
4.705149204307315358e+01
