4.912247809635498186e+01
4.912247789388243291e+01
4.912250824983147623e+01
4.915188692034617901e+01
6.224047055056764322e+01
4.974319094049429424e+01
4.977950958579555873e+01
4.984610039110994251e+01
4.995509203860736136e+01
5.041755777376985748e+01
5.062566527544844774e+01
5.069112896162515369e+01
5.071245470025248636e+01
5.083868174686814712e+01
5.120435732518294003e+01
5.125188189502782876e+01
5.125894261320217282e+01
5.126434192724016725e+01
5.128207735743510653e+01
5.142404917044410695e+01
4.991602163223665656e+01
4.991597163387762492e+01
4.991600060058114252e+01
4.994546878776845489e+01
6.275872667462110854e+01
5.066447847287767559e+01
5.071809726051306200e+01
5.082653876765271406e+01
5.094293562763098748e+01
5.137196329039243636e+01
5.155988361677840004e+01
5.177104455442889730e+01
5.185705061756200251e+01
5.200002968295667216e+01
5.208134375434827490e+01
5.210659546472827941e+01
5.215254969819345376e+01
5.218577918794289872e+01
5.220162217813860650e+01
5.227126770218905705e+01
4.989081893954181623e+01
4.989084744768065605e+01
4.989087972716639285e+01
4.992120592768328180e+01
6.321507084388635178e+01
5.053230456279069926e+01
5.057177598808218022e+01
5.066876726400109021e+01
5.077814485592618610e+01
5.117658316114188466e+01
5.132458190474450532e+01
5.141436413661488558e+01
5.144375494544793526e+01
5.150027641982040194e+01
5.163501328296728587e+01
5.169244696419676188e+01
5.177397940399688991e+01
5.183601109587993250e+01
5.201639072456626423e+01
5.216994144606404404e+01
5.031397201571282807e+01
5.031392441723153297e+01
5.031395331493860112e+01
5.034335310190875390e+01
6.336975414152841779e+01
5.100458256043652483e+01
5.104035876901671998e+01
5.111605131996940088e+01
5.126619944282317931e+01
5.171020023985088443e+01
5.173624620313192679e+01
5.178091108306800550e+01
5.181404994197588820e+01
5.184529280638793125e+01
5.191869515706439131e+01
5.195362761913377625e+01
5.214165133501881400e+01
5.228496847105839862e+01
5.235451570989962988e+01
5.243533485523730775e+01
5.014207124547330352e+01
5.014204875236950443e+01
5.014208080983460292e+01
5.017369398362087907e+01
6.368578456538955379e+01
5.098034031346412576e+01
5.105572296240692509e+01
5.117636504221777471e+01
5.130136505128323421e+01
5.170196004801043443e+01
5.169313112682102940e+01
5.170441300731949497e+01
5.174453239723602849e+01
5.183117534105109314e+01
5.198610121363709879e+01
5.201866301959936578e+01
5.210097953115682401e+01
5.217239158366224672e+01
5.258589159525346446e+01
5.277933126734254188e+01
4.900568608762203127e+01
4.900570436039964761e+01
4.900573648707921137e+01
4.903623925032259478e+01
6.250845082357015770e+01
4.981089692881371889e+01
4.984688140450535343e+01
4.989270531756127269e+01
4.999623871437143663e+01
5.043771052308280645e+01
5.077424970666513104e+01
5.079527314682184880e+01
5.083135623651104851e+01
5.095084638999296800e+01
5.109974287412341454e+01
5.113393809766304088e+01
5.115970365178025503e+01
5.118080019171630823e+01
5.127421574046378794e+01
5.145071556197127904e+01
4.971704119742615546e+01
4.971702685202032512e+01
4.971705872940054860e+01
4.974816263637079317e+01
6.282534976498124024e+01
5.046576166201305824e+01
5.051844848608293148e+01
5.063079106778648253e+01
5.075003679455759453e+01
5.113438704239975152e+01
5.127863474067859784e+01
5.137270491924633831e+01
5.155218582687280815e+01
5.179372856625615640e+01
5.187650045236780727e+01
5.189180149254050889e+01
5.200555384762459710e+01
5.208966667793249172e+01
5.221191912228143650e+01
5.232829344718754072e+01
4.968291924627383338e+01
4.968290711249005653e+01
4.968293713880832030e+01
4.971231471984286543e+01
6.261951772335078914e+01
5.037361026525872632e+01
5.041141616529090896e+01
5.048029896428955254e+01
5.058101724328832205e+01
5.100499562695618039e+01
5.122218488423401084e+01
5.124420426907429515e+01
5.127952303369254849e+01
5.136108793896158176e+01
5.165390807884399749e+01
5.185613430000703516e+01
5.197302673169625109e+01
5.206173737735343821e+01
5.234364661675790131e+01
5.250727670256122082e+01
4.970826921407719823e+01
4.970825630054766009e+01
4.970828575126236615e+01
4.973711812422399703e+01
6.244640005640764713e+01
5.037788885502824598e+01
5.044362082170155048e+01
5.053970714250139196e+01
5.066291245604369209e+01
5.102094651350486743e+01
5.113894784513793468e+01
5.116336557196312640e+01
5.118630749119963497e+01
5.121905296210510272e+01
5.134345348770266071e+01
5.140064577360194420e+01
5.145042868324983942e+01
5.148545704868212880e+01
5.153831901574731233e+01
5.167524113031661415e+01
4.987277884866436040e+01
4.987276568011428424e+01
4.987279626003756761e+01
4.990273439453626025e+01
6.307961818274500843e+01
5.066016260896198986e+01
5.071655224874264434e+01
5.078244312889443535e+01
5.087282802625858835e+01
5.124658193028827924e+01
5.126133990457854139e+01
5.130313313072862513e+01
5.144102650402090404e+01
5.155015270785373360e+01
5.172960449772328673e+01
5.175756879764048080e+01
5.175957093434499257e+01
5.176708272398707322e+01
5.199462003843773772e+01
5.216626133160893630e+01
5.049359741290096792e+01
5.049362038967273492e+01
5.049365270830422503e+01
5.052407471276783468e+01
6.354776670647368775e+01
5.134191711888831833e+01
5.138975298044307749e+01
5.142830489649556114e+01
5.149601596733273823e+01
5.189119324982171122e+01
5.200024363772713798e+01
5.210513457512465862e+01
5.215957076802213521e+01
5.224816889528514707e+01
5.266410933342456957e+01
5.275928359405534707e+01
5.282921115575243931e+01
5.287954907446006558e+01
5.292160587736365329e+01
5.294474606170261666e+01
