4.262494005720022017e+01
4.293421499707012856e+01
4.331063448784232151e+01
4.398267036115542794e+01
5.759687027115742097e+01
4.652282438273451959e+01
4.674398570317413260e+01
4.694687576571338639e+01
4.711117763483663623e+01
4.769424439934658011e+01
4.904556249933461487e+01
4.917156507655253961e+01
4.928496615043955131e+01
4.947662264018369882e+01
5.014448472394731482e+01
5.063996471604384197e+01
5.121414387933027967e+01
5.161378984569225281e+01
5.242083086703033956e+01
5.277432936923796092e+01
3.998377066269237901e+01
4.031417760643285675e+01
4.075139428857325186e+01
4.136768091627094890e+01
5.661222423125440173e+01
4.391106728814794735e+01
4.410233069668880290e+01
4.431463957967263667e+01
4.458092606134729863e+01
4.539267390797300550e+01
4.633714458912318435e+01
4.643106178779525806e+01
4.672288150536762430e+01
4.721395049447447434e+01
4.829785437387584324e+01
4.890036561505696255e+01
4.909603843496947206e+01
4.923208576486160126e+01
4.945052705444495444e+01
4.986633988036159337e+01
4.425836126593735287e+01
4.456684962862102140e+01
4.488274787598282245e+01
4.548345852338509587e+01
6.019187421893789036e+01
4.808648603509276853e+01
4.823245702597032647e+01
4.833007451189160264e+01
4.847987360494800413e+01
4.932416468283734901e+01
5.074968687013925717e+01
5.115165600901113407e+01
5.140260895010533204e+01
5.172121745144492877e+01
5.224284524759102766e+01
5.247639920951259995e+01
5.261924528769527143e+01
5.271537640737569319e+01
5.288453709144881998e+01
5.295669675371155449e+01
3.942032066292135539e+01
3.975029813419629932e+01
4.013335583508617077e+01
4.076598924889891862e+01
5.582925597080995317e+01
4.332909761939333038e+01
4.362990897481922303e+01
4.391678219371119951e+01
4.436948558990746250e+01
4.553137883907801609e+01
4.688660265057418997e+01
4.715406996132702488e+01
4.745398724443598582e+01
4.767070592043516086e+01
4.817263766891022669e+01
4.831006260002268959e+01
4.968170235721495231e+01
5.071534361978844174e+01
5.172526157049274786e+01
5.219111926810629853e+01
4.115050181790140726e+01
4.146137210152263464e+01
4.188704555709012567e+01
4.255302257333189431e+01
5.808655369982498229e+01
4.510488425169933890e+01
4.525063721724441024e+01
4.545088235279785494e+01
4.578975459829371886e+01
4.676136335271549171e+01
4.826591512363785341e+01
4.848615429233797869e+01
4.910919743673073867e+01
4.957208609679835121e+01
4.985381408327594244e+01
5.001333695791053202e+01
5.047337187275269343e+01
5.084300995128160139e+01
5.208429846519903350e+01
5.261277190215970023e+01
4.203618523807288199e+01
4.232494938729887224e+01
4.276493097958260847e+01
4.339005474644329041e+01
5.852894469421894996e+01
4.601774565297598230e+01
4.620187886860740178e+01
4.638256344236164352e+01
4.679649992444237938e+01
4.769037938359583251e+01
4.947652168415152829e+01
5.000108717955261284e+01
5.024460742873479546e+01
5.031579406783895791e+01
5.042993079602727846e+01
5.045111777375223738e+01
5.105322763239946937e+01
5.149762280191315966e+01
5.204859378598288089e+01
5.232935859962091030e+01
4.214462287877957891e+01
4.242368034298271340e+01
4.277985691076658270e+01
4.326913358386288166e+01
5.792885273106707444e+01
4.541488859630882757e+01
4.555752510007184242e+01
4.570425623170466167e+01
4.590216840398296227e+01
4.676794317214299923e+01
4.766630984455731124e+01
4.787666782238487428e+01
4.805765289383533911e+01
4.827606415076994750e+01
4.908491193300193345e+01
4.936192806291868607e+01
5.039405531919700820e+01
5.108480165176493415e+01
5.124041888203935002e+01
5.144860913671864466e+01
4.220142684682681278e+01
4.254055043044191109e+01
4.301957430380301162e+01
4.363917165575372081e+01
5.768342578161666978e+01
4.623766658683335606e+01
4.650657237189100357e+01
4.690378960795450070e+01
4.737024824141333568e+01
4.820488557988605294e+01
4.923912746075501445e+01
4.945369251212567008e+01
4.981122369486460144e+01
5.001364888857448676e+01
5.036920464040147039e+01
5.060834161721044921e+01
5.077685800119373027e+01
5.093325805174630005e+01
5.221052919689813621e+01
5.276443239793437101e+01
4.125042127002212311e+01
4.164013598571414576e+01
4.202768807733798440e+01
4.254908582084274116e+01
5.773230891227907335e+01
4.524650135073439117e+01
4.542879665194816852e+01
4.562171021853965414e+01
4.590599289602608479e+01
4.681075063931537272e+01
4.820293046958374816e+01
4.841201838818000880e+01
4.865919563054613661e+01
4.885321731467809059e+01
4.929941461428634852e+01
4.961329553027588446e+01
5.063481858135088487e+01
5.135628119934923319e+01
5.195173661295594769e+01
5.222261247674379092e+01
3.646768246046390516e+01
3.675613012332314611e+01
3.713147998175693232e+01
3.780307151981234171e+01
5.394036651448372766e+01
4.019619006535970840e+01
4.045419771934709985e+01
4.067973717766393094e+01
4.090578181592215401e+01
4.190035143131346018e+01
4.395572229168681844e+01
4.417647737054996782e+01
4.439321049533057106e+01
4.453521890071687039e+01
4.489394826709538222e+01
4.512781817096764314e+01
4.580693902130072814e+01
4.631939076453011239e+01
4.720029484283116261e+01
4.796895549368972667e+01
4.047943340108142252e+01
4.080719832228964350e+01
4.121001499337533147e+01
4.177913795784537854e+01
5.654941648229969786e+01
4.441968641699403975e+01
4.454514043201479012e+01
4.474088816850880335e+01
4.494034363712553670e+01
4.569848228843727611e+01
4.699024613920090587e+01
4.703881378419673354e+01
4.731891950508643419e+01
4.755353047203826833e+01
4.766004551241164933e+01
4.765236697468021987e+01
4.822417290270986712e+01
4.865179353720800037e+01
4.922731427098196377e+01
4.974856802573535930e+01
4.261261512682243335e+01
4.296197332792389290e+01
4.344383642812204016e+01
4.413381874946996675e+01
5.947904593564075526e+01
4.676786979273499156e+01
4.690223009903876061e+01
4.706272646444419649e+01
4.727897531543398912e+01
4.820808411576781083e+01
5.027545452834056761e+01
5.036908390715699824e+01
5.056025147824129817e+01
5.079076372753590363e+01
5.094683500167521828e+01
5.095333996495082118e+01
5.130209444597128510e+01
5.156364459597413230e+01
5.228323114548543771e+01
5.259412353251625660e+01
