2.917069508744816630e+01
2.967741747921060025e+01
3.020216029813286340e+01
3.099076860425917701e+01
4.254647887666294537e+01
3.601476107266700666e+01
3.656356362764911694e+01
3.720599601257406164e+01
3.823151589714586152e+01
3.966425324057082236e+01
4.329889594815888643e+01
4.442576943519458865e+01
4.499111406364794163e+01
4.587806168019662323e+01
4.679659180664097562e+01
4.710590527836556163e+01
4.929357645993538029e+01
5.109058089437861838e+01
5.240651589348377826e+01
5.287138980350847106e+01
2.539765090967039995e+01
2.586085478598333154e+01
2.654382549673630720e+01
2.741261024176283456e+01
3.888420771287862721e+01
3.294050849325253694e+01
3.349821575568140730e+01
3.408784002538396862e+01
3.461114492440600543e+01
3.599078402413889677e+01
4.373574429699078792e+01
4.609686693750671793e+01
4.739947257711919804e+01
4.770157471656109749e+01
4.846932098238255548e+01
4.869904490218983995e+01
4.886269321610912186e+01
4.897081301796612252e+01
5.040795030696753543e+01
5.129787706444228235e+01
2.521892959514305588e+01
2.574285114945707775e+01
2.641447812109643323e+01
2.738583364053035396e+01
4.047016026169131209e+01
3.292988999505362102e+01
3.360500055955412790e+01
3.414972760810057650e+01
3.502630036519367707e+01
3.679098312367828782e+01
4.304130500938970982e+01
4.399664120906690812e+01
4.502700914676783839e+01
4.570605214307824582e+01
4.705486543038649216e+01
4.736740363927025044e+01
4.838460597893062953e+01
4.923619468883303085e+01
4.991832764890884278e+01
5.040952793837811186e+01
2.403990533108503413e+01
2.456855660917499407e+01
2.537087149852900936e+01
2.652515380440052084e+01
3.917047381974601450e+01
3.266987880494892948e+01
3.318113622435354415e+01
3.390173584890334268e+01
3.485619290830187822e+01
3.659332848980155717e+01
3.992615651288325296e+01
4.049563671454677660e+01
4.133354690440198453e+01
4.280501699069970556e+01
4.607364431280007722e+01
4.766926542225883878e+01
4.958460370839637221e+01
5.114291452341387156e+01
5.176204683912072113e+01
5.201981890314324630e+01
2.223331205167344748e+01
2.268323538447384635e+01
2.311519365407971449e+01
2.384495079080187807e+01
3.580387502370770392e+01
2.960632041194070041e+01
3.060693391550562126e+01
3.143778269617797960e+01
3.244381846506434641e+01
3.460234772744472309e+01
3.928437874910225247e+01
3.949585146385165046e+01
4.069792293286815266e+01
4.237204445080902104e+01
4.575328302971780658e+01
4.787374360509225824e+01
5.020372524647477519e+01
5.159439579690715760e+01
5.260851374822544813e+01
5.290279084918537222e+01
2.107722849770256701e+01
2.159719199328893069e+01
2.232999785696623363e+01
2.327651499849855199e+01
3.639684005147456247e+01
2.903050073111163343e+01
2.936298926171995660e+01
2.966010298442749615e+01
3.026225662942918859e+01
3.221007528517760221e+01
3.790664697818830575e+01
3.876416799065284380e+01
3.933586925275045587e+01
4.225108199113388707e+01
4.562674724681627936e+01
4.684640090546843538e+01
4.828890915255078653e+01
4.913703876495121392e+01
4.984639316747042415e+01
5.029056576544922308e+01
2.861510868221752801e+01
2.917586244731334943e+01
2.988269759739369391e+01
3.091496244411018779e+01
4.293809667024468979e+01
3.821678257735522521e+01
3.904434224486308835e+01
3.952617015362673669e+01
4.035528691985457783e+01
4.181548331466695601e+01
4.567259787726303699e+01
4.621161705055772728e+01
4.713488887721042886e+01
4.802480020563567109e+01
4.883835153588025690e+01
4.924631714471363608e+01
4.953493547907451955e+01
4.974913097267775441e+01
5.056991334470587418e+01
5.105881537617580079e+01
2.340207278826848381e+01
2.384170697594538169e+01
2.436269479838831842e+01
2.517764656659566569e+01
3.535081359930332212e+01
3.130212916601223583e+01
3.196026983000619026e+01
3.268739548645400816e+01
3.359787055362991737e+01
3.558365399395974293e+01
3.883372015599488236e+01
3.938072680615111665e+01
3.988938932270802695e+01
4.195317051655806750e+01
4.471862226655016315e+01
4.617790466315816644e+01
4.656394618431031063e+01
4.677777956113938984e+01
4.867609169295106852e+01
4.982260590462473004e+01
2.400345671093404576e+01
2.451517935637545875e+01
2.503728202300325023e+01
2.587907240775016149e+01
3.804718825299598706e+01
3.154442249321812497e+01
3.190948273246782563e+01
3.231373922158420697e+01
3.313838702500487443e+01
3.492757424935395960e+01
3.862419475126284141e+01
3.970549192268340022e+01
4.020139648004225563e+01
4.060061316498979522e+01
4.174773674388724487e+01
4.276289430581456230e+01
4.302469179852383974e+01
4.321768085668585968e+01
4.596433028895720696e+01
4.775106127390372990e+01
2.293044167787040877e+01
2.335935820154681153e+01
2.379124399119642064e+01
2.452805416646864245e+01
3.462371306636250523e+01
2.953851572521084989e+01
3.012369632843585521e+01
3.075030695310362816e+01
3.209719506301982506e+01
3.368657449891143330e+01
3.750925588625614893e+01
3.851862094026370187e+01
4.047011749086271948e+01
4.296144243182714462e+01
4.436012073032058112e+01
4.429055588957079692e+01
4.612397952345241237e+01
4.723673610069376139e+01
5.106953811963261103e+01
5.220761912996164966e+01
2.688133348976267456e+01
2.730197119459026567e+01
2.782662664760585258e+01
2.859615237289113310e+01
3.928170397716235840e+01
3.544769771454015483e+01
3.592241628489410488e+01
3.651022015586481473e+01
3.703657466063314985e+01
3.859343792586595612e+01
4.297987838604054645e+01
4.425282114144916079e+01
4.625554813621513262e+01
4.787242136858682784e+01
5.054392969402646685e+01
5.109949472944461490e+01
5.132392721789633327e+01
5.147669076055849047e+01
5.232270489295486016e+01
5.270775109408481995e+01
