1.270000000000000000e+03 1.000000000000000021e-02 9.999999999999999124e-06
1.270000000000000000e+03 1.000000000000000021e-02 3.162277660168379394e-04
1.270000000000000000e+03 1.000000000000000021e-02 1.000000000000000021e-02
1.270000000000000000e+03 1.000000000000000021e-02 3.162277660168379412e-01
1.270000000000000000e+03 1.000000000000000021e-02 1.000000000000000000e+01
1.270000000000000000e+03 1.000000000000000056e-01 9.999999999999999124e-06
1.270000000000000000e+03 1.000000000000000056e-01 3.162277660168379394e-04
1.270000000000000000e+03 1.000000000000000056e-01 1.000000000000000021e-02
1.270000000000000000e+03 1.000000000000000056e-01 3.162277660168379412e-01
1.270000000000000000e+03 1.000000000000000056e-01 1.000000000000000000e+01
1.270000000000000000e+03 1.000000000000000000e+00 9.999999999999999124e-06
1.270000000000000000e+03 1.000000000000000000e+00 3.162277660168379394e-04
1.270000000000000000e+03 1.000000000000000000e+00 1.000000000000000021e-02
1.270000000000000000e+03 1.000000000000000000e+00 3.162277660168379412e-01
1.270000000000000000e+03 1.000000000000000000e+00 1.000000000000000000e+01
1.270000000000000000e+03 1.000000000000000000e+01 9.999999999999999124e-06
1.270000000000000000e+03 1.000000000000000000e+01 3.162277660168379394e-04
1.270000000000000000e+03 1.000000000000000000e+01 1.000000000000000021e-02
1.270000000000000000e+03 1.000000000000000000e+01 3.162277660168379412e-01
1.270000000000000000e+03 1.000000000000000000e+01 1.000000000000000000e+01
1.282000000000000000e+03 1.000000000000000021e-02 9.999999999999999124e-06
1.282000000000000000e+03 1.000000000000000021e-02 3.162277660168379394e-04
1.282000000000000000e+03 1.000000000000000021e-02 1.000000000000000021e-02
1.282000000000000000e+03 1.000000000000000021e-02 3.162277660168379412e-01
1.282000000000000000e+03 1.000000000000000021e-02 1.000000000000000000e+01
1.282000000000000000e+03 1.000000000000000056e-01 9.999999999999999124e-06
1.282000000000000000e+03 1.000000000000000056e-01 3.162277660168379394e-04
1.282000000000000000e+03 1.000000000000000056e-01 1.000000000000000021e-02
1.282000000000000000e+03 1.000000000000000056e-01 3.162277660168379412e-01
1.282000000000000000e+03 1.000000000000000056e-01 1.000000000000000000e+01
1.282000000000000000e+03 1.000000000000000000e+00 9.999999999999999124e-06
1.282000000000000000e+03 1.000000000000000000e+00 3.162277660168379394e-04
1.282000000000000000e+03 1.000000000000000000e+00 1.000000000000000021e-02
1.282000000000000000e+03 1.000000000000000000e+00 3.162277660168379412e-01
1.282000000000000000e+03 1.000000000000000000e+00 1.000000000000000000e+01
1.282000000000000000e+03 1.000000000000000000e+01 9.999999999999999124e-06
1.282000000000000000e+03 1.000000000000000000e+01 3.162277660168379394e-04
1.282000000000000000e+03 1.000000000000000000e+01 1.000000000000000021e-02
1.282000000000000000e+03 1.000000000000000000e+01 3.162277660168379412e-01
1.282000000000000000e+03 1.000000000000000000e+01 1.000000000000000000e+01
1.294000000000000000e+03 1.000000000000000021e-02 9.999999999999999124e-06
1.294000000000000000e+03 1.000000000000000021e-02 3.162277660168379394e-04
1.294000000000000000e+03 1.000000000000000021e-02 1.000000000000000021e-02
1.294000000000000000e+03 1.000000000000000021e-02 3.162277660168379412e-01
1.294000000000000000e+03 1.000000000000000021e-02 1.000000000000000000e+01
1.294000000000000000e+03 1.000000000000000056e-01 9.999999999999999124e-06
1.294000000000000000e+03 1.000000000000000056e-01 3.162277660168379394e-04
1.294000000000000000e+03 1.000000000000000056e-01 1.000000000000000021e-02
1.294000000000000000e+03 1.000000000000000056e-01 3.162277660168379412e-01
1.294000000000000000e+03 1.000000000000000056e-01 1.000000000000000000e+01
1.294000000000000000e+03 1.000000000000000000e+00 9.999999999999999124e-06
1.294000000000000000e+03 1.000000000000000000e+00 3.162277660168379394e-04
1.294000000000000000e+03 1.000000000000000000e+00 1.000000000000000021e-02
1.294000000000000000e+03 1.000000000000000000e+00 3.162277660168379412e-01
1.294000000000000000e+03 1.000000000000000000e+00 1.000000000000000000e+01
1.294000000000000000e+03 1.000000000000000000e+01 9.999999999999999124e-06
1.294000000000000000e+03 1.000000000000000000e+01 3.162277660168379394e-04
1.294000000000000000e+03 1.000000000000000000e+01 1.000000000000000021e-02
1.294000000000000000e+03 1.000000000000000000e+01 3.162277660168379412e-01
1.294000000000000000e+03 1.000000000000000000e+01 1.000000000000000000e+01
1.306000000000000000e+03 1.000000000000000021e-02 9.999999999999999124e-06
1.306000000000000000e+03 1.000000000000000021e-02 3.162277660168379394e-04
1.306000000000000000e+03 1.000000000000000021e-02 1.000000000000000021e-02
1.306000000000000000e+03 1.000000000000000021e-02 3.162277660168379412e-01
1.306000000000000000e+03 1.000000000000000021e-02 1.000000000000000000e+01
1.306000000000000000e+03 1.000000000000000056e-01 9.999999999999999124e-06
1.306000000000000000e+03 1.000000000000000056e-01 3.162277660168379394e-04
1.306000000000000000e+03 1.000000000000000056e-01 1.000000000000000021e-02
1.306000000000000000e+03 1.000000000000000056e-01 3.162277660168379412e-01
1.306000000000000000e+03 1.000000000000000056e-01 1.000000000000000000e+01
1.306000000000000000e+03 1.000000000000000000e+00 9.999999999999999124e-06
1.306000000000000000e+03 1.000000000000000000e+00 3.162277660168379394e-04
1.306000000000000000e+03 1.000000000000000000e+00 1.000000000000000021e-02
1.306000000000000000e+03 1.000000000000000000e+00 3.162277660168379412e-01
1.306000000000000000e+03 1.000000000000000000e+00 1.000000000000000000e+01
1.306000000000000000e+03 1.000000000000000000e+01 9.999999999999999124e-06
1.306000000000000000e+03 1.000000000000000000e+01 3.162277660168379394e-04
1.306000000000000000e+03 1.000000000000000000e+01 1.000000000000000021e-02
1.306000000000000000e+03 1.000000000000000000e+01 3.162277660168379412e-01
1.306000000000000000e+03 1.000000000000000000e+01 1.000000000000000000e+01
1.318000000000000000e+03 1.000000000000000021e-02 9.999999999999999124e-06
1.318000000000000000e+03 1.000000000000000021e-02 3.162277660168379394e-04
1.318000000000000000e+03 1.000000000000000021e-02 1.000000000000000021e-02
1.318000000000000000e+03 1.000000000000000021e-02 3.162277660168379412e-01
1.318000000000000000e+03 1.000000000000000021e-02 1.000000000000000000e+01
1.318000000000000000e+03 1.000000000000000056e-01 9.999999999999999124e-06
1.318000000000000000e+03 1.000000000000000056e-01 3.162277660168379394e-04
1.318000000000000000e+03 1.000000000000000056e-01 1.000000000000000021e-02
1.318000000000000000e+03 1.000000000000000056e-01 3.162277660168379412e-01
1.318000000000000000e+03 1.000000000000000056e-01 1.000000000000000000e+01
1.318000000000000000e+03 1.000000000000000000e+00 9.999999999999999124e-06
1.318000000000000000e+03 1.000000000000000000e+00 3.162277660168379394e-04
1.318000000000000000e+03 1.000000000000000000e+00 1.000000000000000021e-02
1.318000000000000000e+03 1.000000000000000000e+00 3.162277660168379412e-01
1.318000000000000000e+03 1.000000000000000000e+00 1.000000000000000000e+01
1.318000000000000000e+03 1.000000000000000000e+01 9.999999999999999124e-06
1.318000000000000000e+03 1.000000000000000000e+01 3.162277660168379394e-04
1.318000000000000000e+03 1.000000000000000000e+01 1.000000000000000021e-02
1.318000000000000000e+03 1.000000000000000000e+01 3.162277660168379412e-01
1.318000000000000000e+03 1.000000000000000000e+01 1.000000000000000000e+01
1.330000000000000000e+03 1.000000000000000021e-02 9.999999999999999124e-06
1.330000000000000000e+03 1.000000000000000021e-02 3.162277660168379394e-04
1.330000000000000000e+03 1.000000000000000021e-02 1.000000000000000021e-02
1.330000000000000000e+03 1.000000000000000021e-02 3.162277660168379412e-01
1.330000000000000000e+03 1.000000000000000021e-02 1.000000000000000000e+01
1.330000000000000000e+03 1.000000000000000056e-01 9.999999999999999124e-06
1.330000000000000000e+03 1.000000000000000056e-01 3.162277660168379394e-04
1.330000000000000000e+03 1.000000000000000056e-01 1.000000000000000021e-02
1.330000000000000000e+03 1.000000000000000056e-01 3.162277660168379412e-01
1.330000000000000000e+03 1.000000000000000056e-01 1.000000000000000000e+01
1.330000000000000000e+03 1.000000000000000000e+00 9.999999999999999124e-06
1.330000000000000000e+03 1.000000000000000000e+00 3.162277660168379394e-04
1.330000000000000000e+03 1.000000000000000000e+00 1.000000000000000021e-02
1.330000000000000000e+03 1.000000000000000000e+00 3.162277660168379412e-01
1.330000000000000000e+03 1.000000000000000000e+00 1.000000000000000000e+01
1.330000000000000000e+03 1.000000000000000000e+01 9.999999999999999124e-06
1.330000000000000000e+03 1.000000000000000000e+01 3.162277660168379394e-04
1.330000000000000000e+03 1.000000000000000000e+01 1.000000000000000021e-02
1.330000000000000000e+03 1.000000000000000000e+01 3.162277660168379412e-01
1.330000000000000000e+03 1.000000000000000000e+01 1.000000000000000000e+01
1.342000000000000000e+03 1.000000000000000021e-02 9.999999999999999124e-06
1.342000000000000000e+03 1.000000000000000021e-02 3.162277660168379394e-04
1.342000000000000000e+03 1.000000000000000021e-02 1.000000000000000021e-02
1.342000000000000000e+03 1.000000000000000021e-02 3.162277660168379412e-01
1.342000000000000000e+03 1.000000000000000021e-02 1.000000000000000000e+01
1.342000000000000000e+03 1.000000000000000056e-01 9.999999999999999124e-06
1.342000000000000000e+03 1.000000000000000056e-01 3.162277660168379394e-04
1.342000000000000000e+03 1.000000000000000056e-01 1.000000000000000021e-02
1.342000000000000000e+03 1.000000000000000056e-01 3.162277660168379412e-01
1.342000000000000000e+03 1.000000000000000056e-01 1.000000000000000000e+01
1.342000000000000000e+03 1.000000000000000000e+00 9.999999999999999124e-06
1.342000000000000000e+03 1.000000000000000000e+00 3.162277660168379394e-04
1.342000000000000000e+03 1.000000000000000000e+00 1.000000000000000021e-02
1.342000000000000000e+03 1.000000000000000000e+00 3.162277660168379412e-01
1.342000000000000000e+03 1.000000000000000000e+00 1.000000000000000000e+01
1.342000000000000000e+03 1.000000000000000000e+01 9.999999999999999124e-06
1.342000000000000000e+03 1.000000000000000000e+01 3.162277660168379394e-04
1.342000000000000000e+03 1.000000000000000000e+01 1.000000000000000021e-02
1.342000000000000000e+03 1.000000000000000000e+01 3.162277660168379412e-01
1.342000000000000000e+03 1.000000000000000000e+01 1.000000000000000000e+01
1.354000000000000000e+03 1.000000000000000021e-02 9.999999999999999124e-06
1.354000000000000000e+03 1.000000000000000021e-02 3.162277660168379394e-04
1.354000000000000000e+03 1.000000000000000021e-02 1.000000000000000021e-02
1.354000000000000000e+03 1.000000000000000021e-02 3.162277660168379412e-01
1.354000000000000000e+03 1.000000000000000021e-02 1.000000000000000000e+01
1.354000000000000000e+03 1.000000000000000056e-01 9.999999999999999124e-06
1.354000000000000000e+03 1.000000000000000056e-01 3.162277660168379394e-04
1.354000000000000000e+03 1.000000000000000056e-01 1.000000000000000021e-02
1.354000000000000000e+03 1.000000000000000056e-01 3.162277660168379412e-01
1.354000000000000000e+03 1.000000000000000056e-01 1.000000000000000000e+01
1.354000000000000000e+03 1.000000000000000000e+00 9.999999999999999124e-06
1.354000000000000000e+03 1.000000000000000000e+00 3.162277660168379394e-04
1.354000000000000000e+03 1.000000000000000000e+00 1.000000000000000021e-02
1.354000000000000000e+03 1.000000000000000000e+00 3.162277660168379412e-01
1.354000000000000000e+03 1.000000000000000000e+00 1.000000000000000000e+01
1.354000000000000000e+03 1.000000000000000000e+01 9.999999999999999124e-06
1.354000000000000000e+03 1.000000000000000000e+01 3.162277660168379394e-04
1.354000000000000000e+03 1.000000000000000000e+01 1.000000000000000021e-02
1.354000000000000000e+03 1.000000000000000000e+01 3.162277660168379412e-01
1.354000000000000000e+03 1.000000000000000000e+01 1.000000000000000000e+01
1.366000000000000000e+03 1.000000000000000021e-02 9.999999999999999124e-06
1.366000000000000000e+03 1.000000000000000021e-02 3.162277660168379394e-04
1.366000000000000000e+03 1.000000000000000021e-02 1.000000000000000021e-02
1.366000000000000000e+03 1.000000000000000021e-02 3.162277660168379412e-01
1.366000000000000000e+03 1.000000000000000021e-02 1.000000000000000000e+01
1.366000000000000000e+03 1.000000000000000056e-01 9.999999999999999124e-06
1.366000000000000000e+03 1.000000000000000056e-01 3.162277660168379394e-04
1.366000000000000000e+03 1.000000000000000056e-01 1.000000000000000021e-02
1.366000000000000000e+03 1.000000000000000056e-01 3.162277660168379412e-01
1.366000000000000000e+03 1.000000000000000056e-01 1.000000000000000000e+01
1.366000000000000000e+03 1.000000000000000000e+00 9.999999999999999124e-06
1.366000000000000000e+03 1.000000000000000000e+00 3.162277660168379394e-04
1.366000000000000000e+03 1.000000000000000000e+00 1.000000000000000021e-02
1.366000000000000000e+03 1.000000000000000000e+00 3.162277660168379412e-01
1.366000000000000000e+03 1.000000000000000000e+00 1.000000000000000000e+01
1.366000000000000000e+03 1.000000000000000000e+01 9.999999999999999124e-06
1.366000000000000000e+03 1.000000000000000000e+01 3.162277660168379394e-04
1.366000000000000000e+03 1.000000000000000000e+01 1.000000000000000021e-02
1.366000000000000000e+03 1.000000000000000000e+01 3.162277660168379412e-01
1.366000000000000000e+03 1.000000000000000000e+01 1.000000000000000000e+01
1.378000000000000000e+03 1.000000000000000021e-02 9.999999999999999124e-06
1.378000000000000000e+03 1.000000000000000021e-02 3.162277660168379394e-04
1.378000000000000000e+03 1.000000000000000021e-02 1.000000000000000021e-02
1.378000000000000000e+03 1.000000000000000021e-02 3.162277660168379412e-01
1.378000000000000000e+03 1.000000000000000021e-02 1.000000000000000000e+01
1.378000000000000000e+03 1.000000000000000056e-01 9.999999999999999124e-06
1.378000000000000000e+03 1.000000000000000056e-01 3.162277660168379394e-04
1.378000000000000000e+03 1.000000000000000056e-01 1.000000000000000021e-02
1.378000000000000000e+03 1.000000000000000056e-01 3.162277660168379412e-01
1.378000000000000000e+03 1.000000000000000056e-01 1.000000000000000000e+01
1.378000000000000000e+03 1.000000000000000000e+00 9.999999999999999124e-06
1.378000000000000000e+03 1.000000000000000000e+00 3.162277660168379394e-04
1.378000000000000000e+03 1.000000000000000000e+00 1.000000000000000021e-02
1.378000000000000000e+03 1.000000000000000000e+00 3.162277660168379412e-01
1.378000000000000000e+03 1.000000000000000000e+00 1.000000000000000000e+01
1.378000000000000000e+03 1.000000000000000000e+01 9.999999999999999124e-06
1.378000000000000000e+03 1.000000000000000000e+01 3.162277660168379394e-04
1.378000000000000000e+03 1.000000000000000000e+01 1.000000000000000021e-02
1.378000000000000000e+03 1.000000000000000000e+01 3.162277660168379412e-01
1.378000000000000000e+03 1.000000000000000000e+01 1.000000000000000000e+01
1.390000000000000000e+03 1.000000000000000021e-02 9.999999999999999124e-06
1.390000000000000000e+03 1.000000000000000021e-02 3.162277660168379394e-04
1.390000000000000000e+03 1.000000000000000021e-02 1.000000000000000021e-02
1.390000000000000000e+03 1.000000000000000021e-02 3.162277660168379412e-01
1.390000000000000000e+03 1.000000000000000021e-02 1.000000000000000000e+01
1.390000000000000000e+03 1.000000000000000056e-01 9.999999999999999124e-06
1.390000000000000000e+03 1.000000000000000056e-01 3.162277660168379394e-04
1.390000000000000000e+03 1.000000000000000056e-01 1.000000000000000021e-02
1.390000000000000000e+03 1.000000000000000056e-01 3.162277660168379412e-01
1.390000000000000000e+03 1.000000000000000056e-01 1.000000000000000000e+01
1.390000000000000000e+03 1.000000000000000000e+00 9.999999999999999124e-06
1.390000000000000000e+03 1.000000000000000000e+00 3.162277660168379394e-04
1.390000000000000000e+03 1.000000000000000000e+00 1.000000000000000021e-02
1.390000000000000000e+03 1.000000000000000000e+00 3.162277660168379412e-01
1.390000000000000000e+03 1.000000000000000000e+00 1.000000000000000000e+01
1.390000000000000000e+03 1.000000000000000000e+01 9.999999999999999124e-06
1.390000000000000000e+03 1.000000000000000000e+01 3.162277660168379394e-04
1.390000000000000000e+03 1.000000000000000000e+01 1.000000000000000021e-02
1.390000000000000000e+03 1.000000000000000000e+01 3.162277660168379412e-01
1.390000000000000000e+03 1.000000000000000000e+01 1.000000000000000000e+01
1.332000000000000000e+03 1.000000000000000021e-02 9.999999999999999124e-06
1.332000000000000000e+03 1.000000000000000021e-02 3.162277660168379394e-04
1.332000000000000000e+03 1.000000000000000021e-02 1.000000000000000021e-02
1.332000000000000000e+03 1.000000000000000021e-02 3.162277660168379412e-01
1.332000000000000000e+03 1.000000000000000021e-02 1.000000000000000000e+01
1.332000000000000000e+03 1.000000000000000056e-01 9.999999999999999124e-06
1.332000000000000000e+03 1.000000000000000056e-01 3.162277660168379394e-04
1.332000000000000000e+03 1.000000000000000056e-01 1.000000000000000021e-02
1.332000000000000000e+03 1.000000000000000056e-01 3.162277660168379412e-01
1.332000000000000000e+03 1.000000000000000056e-01 1.000000000000000000e+01
1.332000000000000000e+03 1.000000000000000000e+00 9.999999999999999124e-06
1.332000000000000000e+03 1.000000000000000000e+00 3.162277660168379394e-04
1.332000000000000000e+03 1.000000000000000000e+00 1.000000000000000021e-02
1.332000000000000000e+03 1.000000000000000000e+00 3.162277660168379412e-01
1.332000000000000000e+03 1.000000000000000000e+00 1.000000000000000000e+01
1.332000000000000000e+03 1.000000000000000000e+01 9.999999999999999124e-06
1.332000000000000000e+03 1.000000000000000000e+01 3.162277660168379394e-04
1.332000000000000000e+03 1.000000000000000000e+01 1.000000000000000021e-02
1.332000000000000000e+03 1.000000000000000000e+01 3.162277660168379412e-01
1.332000000000000000e+03 1.000000000000000000e+01 1.000000000000000000e+01
