2.767392000000000116e+05 1.000000000000000021e-02 9.999999999999999124e-06
2.767392000000000116e+05 1.000000000000000021e-02 3.162277660168379394e-04
2.767392000000000116e+05 1.000000000000000021e-02 1.000000000000000021e-02
2.767392000000000116e+05 1.000000000000000021e-02 3.162277660168379412e-01
2.767392000000000116e+05 1.000000000000000021e-02 1.000000000000000000e+01
2.767392000000000116e+05 1.000000000000000056e-01 9.999999999999999124e-06
2.767392000000000116e+05 1.000000000000000056e-01 3.162277660168379394e-04
2.767392000000000116e+05 1.000000000000000056e-01 1.000000000000000021e-02
2.767392000000000116e+05 1.000000000000000056e-01 3.162277660168379412e-01
2.767392000000000116e+05 1.000000000000000056e-01 1.000000000000000000e+01
2.767392000000000116e+05 1.000000000000000000e+00 9.999999999999999124e-06
2.767392000000000116e+05 1.000000000000000000e+00 3.162277660168379394e-04
2.767392000000000116e+05 1.000000000000000000e+00 1.000000000000000021e-02
2.767392000000000116e+05 1.000000000000000000e+00 3.162277660168379412e-01
2.767392000000000116e+05 1.000000000000000000e+00 1.000000000000000000e+01
2.767392000000000116e+05 1.000000000000000000e+01 9.999999999999999124e-06
2.767392000000000116e+05 1.000000000000000000e+01 3.162277660168379394e-04
2.767392000000000116e+05 1.000000000000000000e+01 1.000000000000000021e-02
2.767392000000000116e+05 1.000000000000000000e+01 3.162277660168379412e-01
2.767392000000000116e+05 1.000000000000000000e+01 1.000000000000000000e+01
2.770272000000000116e+05 1.000000000000000021e-02 9.999999999999999124e-06
2.770272000000000116e+05 1.000000000000000021e-02 3.162277660168379394e-04
2.770272000000000116e+05 1.000000000000000021e-02 1.000000000000000021e-02
2.770272000000000116e+05 1.000000000000000021e-02 3.162277660168379412e-01
2.770272000000000116e+05 1.000000000000000021e-02 1.000000000000000000e+01
2.770272000000000116e+05 1.000000000000000056e-01 9.999999999999999124e-06
2.770272000000000116e+05 1.000000000000000056e-01 3.162277660168379394e-04
2.770272000000000116e+05 1.000000000000000056e-01 1.000000000000000021e-02
2.770272000000000116e+05 1.000000000000000056e-01 3.162277660168379412e-01
2.770272000000000116e+05 1.000000000000000056e-01 1.000000000000000000e+01
2.770272000000000116e+05 1.000000000000000000e+00 9.999999999999999124e-06
2.770272000000000116e+05 1.000000000000000000e+00 3.162277660168379394e-04
2.770272000000000116e+05 1.000000000000000000e+00 1.000000000000000021e-02
2.770272000000000116e+05 1.000000000000000000e+00 3.162277660168379412e-01
2.770272000000000116e+05 1.000000000000000000e+00 1.000000000000000000e+01
2.770272000000000116e+05 1.000000000000000000e+01 9.999999999999999124e-06
2.770272000000000116e+05 1.000000000000000000e+01 3.162277660168379394e-04
2.770272000000000116e+05 1.000000000000000000e+01 1.000000000000000021e-02
2.770272000000000116e+05 1.000000000000000000e+01 3.162277660168379412e-01
2.770272000000000116e+05 1.000000000000000000e+01 1.000000000000000000e+01
2.773152000000000116e+05 1.000000000000000021e-02 9.999999999999999124e-06
2.773152000000000116e+05 1.000000000000000021e-02 3.162277660168379394e-04
2.773152000000000116e+05 1.000000000000000021e-02 1.000000000000000021e-02
2.773152000000000116e+05 1.000000000000000021e-02 3.162277660168379412e-01
2.773152000000000116e+05 1.000000000000000021e-02 1.000000000000000000e+01
2.773152000000000116e+05 1.000000000000000056e-01 9.999999999999999124e-06
2.773152000000000116e+05 1.000000000000000056e-01 3.162277660168379394e-04
2.773152000000000116e+05 1.000000000000000056e-01 1.000000000000000021e-02
2.773152000000000116e+05 1.000000000000000056e-01 3.162277660168379412e-01
2.773152000000000116e+05 1.000000000000000056e-01 1.000000000000000000e+01
2.773152000000000116e+05 1.000000000000000000e+00 9.999999999999999124e-06
2.773152000000000116e+05 1.000000000000000000e+00 3.162277660168379394e-04
2.773152000000000116e+05 1.000000000000000000e+00 1.000000000000000021e-02
2.773152000000000116e+05 1.000000000000000000e+00 3.162277660168379412e-01
2.773152000000000116e+05 1.000000000000000000e+00 1.000000000000000000e+01
2.773152000000000116e+05 1.000000000000000000e+01 9.999999999999999124e-06
2.773152000000000116e+05 1.000000000000000000e+01 3.162277660168379394e-04
2.773152000000000116e+05 1.000000000000000000e+01 1.000000000000000021e-02
2.773152000000000116e+05 1.000000000000000000e+01 3.162277660168379412e-01
2.773152000000000116e+05 1.000000000000000000e+01 1.000000000000000000e+01
2.776032000000000116e+05 1.000000000000000021e-02 9.999999999999999124e-06
2.776032000000000116e+05 1.000000000000000021e-02 3.162277660168379394e-04
2.776032000000000116e+05 1.000000000000000021e-02 1.000000000000000021e-02
2.776032000000000116e+05 1.000000000000000021e-02 3.162277660168379412e-01
2.776032000000000116e+05 1.000000000000000021e-02 1.000000000000000000e+01
2.776032000000000116e+05 1.000000000000000056e-01 9.999999999999999124e-06
2.776032000000000116e+05 1.000000000000000056e-01 3.162277660168379394e-04
2.776032000000000116e+05 1.000000000000000056e-01 1.000000000000000021e-02
2.776032000000000116e+05 1.000000000000000056e-01 3.162277660168379412e-01
2.776032000000000116e+05 1.000000000000000056e-01 1.000000000000000000e+01
2.776032000000000116e+05 1.000000000000000000e+00 9.999999999999999124e-06
2.776032000000000116e+05 1.000000000000000000e+00 3.162277660168379394e-04
2.776032000000000116e+05 1.000000000000000000e+00 1.000000000000000021e-02
2.776032000000000116e+05 1.000000000000000000e+00 3.162277660168379412e-01
2.776032000000000116e+05 1.000000000000000000e+00 1.000000000000000000e+01
2.776032000000000116e+05 1.000000000000000000e+01 9.999999999999999124e-06
2.776032000000000116e+05 1.000000000000000000e+01 3.162277660168379394e-04
2.776032000000000116e+05 1.000000000000000000e+01 1.000000000000000021e-02
2.776032000000000116e+05 1.000000000000000000e+01 3.162277660168379412e-01
2.776032000000000116e+05 1.000000000000000000e+01 1.000000000000000000e+01
2.778912000000000116e+05 1.000000000000000021e-02 9.999999999999999124e-06
2.778912000000000116e+05 1.000000000000000021e-02 3.162277660168379394e-04
2.778912000000000116e+05 1.000000000000000021e-02 1.000000000000000021e-02
2.778912000000000116e+05 1.000000000000000021e-02 3.162277660168379412e-01
2.778912000000000116e+05 1.000000000000000021e-02 1.000000000000000000e+01
2.778912000000000116e+05 1.000000000000000056e-01 9.999999999999999124e-06
2.778912000000000116e+05 1.000000000000000056e-01 3.162277660168379394e-04
2.778912000000000116e+05 1.000000000000000056e-01 1.000000000000000021e-02
2.778912000000000116e+05 1.000000000000000056e-01 3.162277660168379412e-01
2.778912000000000116e+05 1.000000000000000056e-01 1.000000000000000000e+01
2.778912000000000116e+05 1.000000000000000000e+00 9.999999999999999124e-06
2.778912000000000116e+05 1.000000000000000000e+00 3.162277660168379394e-04
2.778912000000000116e+05 1.000000000000000000e+00 1.000000000000000021e-02
2.778912000000000116e+05 1.000000000000000000e+00 3.162277660168379412e-01
2.778912000000000116e+05 1.000000000000000000e+00 1.000000000000000000e+01
2.778912000000000116e+05 1.000000000000000000e+01 9.999999999999999124e-06
2.778912000000000116e+05 1.000000000000000000e+01 3.162277660168379394e-04
2.778912000000000116e+05 1.000000000000000000e+01 1.000000000000000021e-02
2.778912000000000116e+05 1.000000000000000000e+01 3.162277660168379412e-01
2.778912000000000116e+05 1.000000000000000000e+01 1.000000000000000000e+01
2.781792000000000116e+05 1.000000000000000021e-02 9.999999999999999124e-06
2.781792000000000116e+05 1.000000000000000021e-02 3.162277660168379394e-04
2.781792000000000116e+05 1.000000000000000021e-02 1.000000000000000021e-02
2.781792000000000116e+05 1.000000000000000021e-02 3.162277660168379412e-01
2.781792000000000116e+05 1.000000000000000021e-02 1.000000000000000000e+01
2.781792000000000116e+05 1.000000000000000056e-01 9.999999999999999124e-06
2.781792000000000116e+05 1.000000000000000056e-01 3.162277660168379394e-04
2.781792000000000116e+05 1.000000000000000056e-01 1.000000000000000021e-02
2.781792000000000116e+05 1.000000000000000056e-01 3.162277660168379412e-01
2.781792000000000116e+05 1.000000000000000056e-01 1.000000000000000000e+01
2.781792000000000116e+05 1.000000000000000000e+00 9.999999999999999124e-06
2.781792000000000116e+05 1.000000000000000000e+00 3.162277660168379394e-04
2.781792000000000116e+05 1.000000000000000000e+00 1.000000000000000021e-02
2.781792000000000116e+05 1.000000000000000000e+00 3.162277660168379412e-01
2.781792000000000116e+05 1.000000000000000000e+00 1.000000000000000000e+01
2.781792000000000116e+05 1.000000000000000000e+01 9.999999999999999124e-06
2.781792000000000116e+05 1.000000000000000000e+01 3.162277660168379394e-04
2.781792000000000116e+05 1.000000000000000000e+01 1.000000000000000021e-02
2.781792000000000116e+05 1.000000000000000000e+01 3.162277660168379412e-01
2.781792000000000116e+05 1.000000000000000000e+01 1.000000000000000000e+01
2.784672000000000116e+05 1.000000000000000021e-02 9.999999999999999124e-06
2.784672000000000116e+05 1.000000000000000021e-02 3.162277660168379394e-04
2.784672000000000116e+05 1.000000000000000021e-02 1.000000000000000021e-02
2.784672000000000116e+05 1.000000000000000021e-02 3.162277660168379412e-01
2.784672000000000116e+05 1.000000000000000021e-02 1.000000000000000000e+01
2.784672000000000116e+05 1.000000000000000056e-01 9.999999999999999124e-06
2.784672000000000116e+05 1.000000000000000056e-01 3.162277660168379394e-04
2.784672000000000116e+05 1.000000000000000056e-01 1.000000000000000021e-02
2.784672000000000116e+05 1.000000000000000056e-01 3.162277660168379412e-01
2.784672000000000116e+05 1.000000000000000056e-01 1.000000000000000000e+01
2.784672000000000116e+05 1.000000000000000000e+00 9.999999999999999124e-06
2.784672000000000116e+05 1.000000000000000000e+00 3.162277660168379394e-04
2.784672000000000116e+05 1.000000000000000000e+00 1.000000000000000021e-02
2.784672000000000116e+05 1.000000000000000000e+00 3.162277660168379412e-01
2.784672000000000116e+05 1.000000000000000000e+00 1.000000000000000000e+01
2.784672000000000116e+05 1.000000000000000000e+01 9.999999999999999124e-06
2.784672000000000116e+05 1.000000000000000000e+01 3.162277660168379394e-04
2.784672000000000116e+05 1.000000000000000000e+01 1.000000000000000021e-02
2.784672000000000116e+05 1.000000000000000000e+01 3.162277660168379412e-01
2.784672000000000116e+05 1.000000000000000000e+01 1.000000000000000000e+01
2.787552000000000116e+05 1.000000000000000021e-02 9.999999999999999124e-06
2.787552000000000116e+05 1.000000000000000021e-02 3.162277660168379394e-04
2.787552000000000116e+05 1.000000000000000021e-02 1.000000000000000021e-02
2.787552000000000116e+05 1.000000000000000021e-02 3.162277660168379412e-01
2.787552000000000116e+05 1.000000000000000021e-02 1.000000000000000000e+01
2.787552000000000116e+05 1.000000000000000056e-01 9.999999999999999124e-06
2.787552000000000116e+05 1.000000000000000056e-01 3.162277660168379394e-04
2.787552000000000116e+05 1.000000000000000056e-01 1.000000000000000021e-02
2.787552000000000116e+05 1.000000000000000056e-01 3.162277660168379412e-01
2.787552000000000116e+05 1.000000000000000056e-01 1.000000000000000000e+01
2.787552000000000116e+05 1.000000000000000000e+00 9.999999999999999124e-06
2.787552000000000116e+05 1.000000000000000000e+00 3.162277660168379394e-04
2.787552000000000116e+05 1.000000000000000000e+00 1.000000000000000021e-02
2.787552000000000116e+05 1.000000000000000000e+00 3.162277660168379412e-01
2.787552000000000116e+05 1.000000000000000000e+00 1.000000000000000000e+01
2.787552000000000116e+05 1.000000000000000000e+01 9.999999999999999124e-06
2.787552000000000116e+05 1.000000000000000000e+01 3.162277660168379394e-04
2.787552000000000116e+05 1.000000000000000000e+01 1.000000000000000021e-02
2.787552000000000116e+05 1.000000000000000000e+01 3.162277660168379412e-01
2.787552000000000116e+05 1.000000000000000000e+01 1.000000000000000000e+01
2.790432000000000116e+05 1.000000000000000021e-02 9.999999999999999124e-06
2.790432000000000116e+05 1.000000000000000021e-02 3.162277660168379394e-04
2.790432000000000116e+05 1.000000000000000021e-02 1.000000000000000021e-02
2.790432000000000116e+05 1.000000000000000021e-02 3.162277660168379412e-01
2.790432000000000116e+05 1.000000000000000021e-02 1.000000000000000000e+01
2.790432000000000116e+05 1.000000000000000056e-01 9.999999999999999124e-06
2.790432000000000116e+05 1.000000000000000056e-01 3.162277660168379394e-04
2.790432000000000116e+05 1.000000000000000056e-01 1.000000000000000021e-02
2.790432000000000116e+05 1.000000000000000056e-01 3.162277660168379412e-01
2.790432000000000116e+05 1.000000000000000056e-01 1.000000000000000000e+01
2.790432000000000116e+05 1.000000000000000000e+00 9.999999999999999124e-06
2.790432000000000116e+05 1.000000000000000000e+00 3.162277660168379394e-04
2.790432000000000116e+05 1.000000000000000000e+00 1.000000000000000021e-02
2.790432000000000116e+05 1.000000000000000000e+00 3.162277660168379412e-01
2.790432000000000116e+05 1.000000000000000000e+00 1.000000000000000000e+01
2.790432000000000116e+05 1.000000000000000000e+01 9.999999999999999124e-06
2.790432000000000116e+05 1.000000000000000000e+01 3.162277660168379394e-04
2.790432000000000116e+05 1.000000000000000000e+01 1.000000000000000021e-02
2.790432000000000116e+05 1.000000000000000000e+01 3.162277660168379412e-01
2.790432000000000116e+05 1.000000000000000000e+01 1.000000000000000000e+01
2.793312000000000116e+05 1.000000000000000021e-02 9.999999999999999124e-06
2.793312000000000116e+05 1.000000000000000021e-02 3.162277660168379394e-04
2.793312000000000116e+05 1.000000000000000021e-02 1.000000000000000021e-02
2.793312000000000116e+05 1.000000000000000021e-02 3.162277660168379412e-01
2.793312000000000116e+05 1.000000000000000021e-02 1.000000000000000000e+01
2.793312000000000116e+05 1.000000000000000056e-01 9.999999999999999124e-06
2.793312000000000116e+05 1.000000000000000056e-01 3.162277660168379394e-04
2.793312000000000116e+05 1.000000000000000056e-01 1.000000000000000021e-02
2.793312000000000116e+05 1.000000000000000056e-01 3.162277660168379412e-01
2.793312000000000116e+05 1.000000000000000056e-01 1.000000000000000000e+01
2.793312000000000116e+05 1.000000000000000000e+00 9.999999999999999124e-06
2.793312000000000116e+05 1.000000000000000000e+00 3.162277660168379394e-04
2.793312000000000116e+05 1.000000000000000000e+00 1.000000000000000021e-02
2.793312000000000116e+05 1.000000000000000000e+00 3.162277660168379412e-01
2.793312000000000116e+05 1.000000000000000000e+00 1.000000000000000000e+01
2.793312000000000116e+05 1.000000000000000000e+01 9.999999999999999124e-06
2.793312000000000116e+05 1.000000000000000000e+01 3.162277660168379394e-04
2.793312000000000116e+05 1.000000000000000000e+01 1.000000000000000021e-02
2.793312000000000116e+05 1.000000000000000000e+01 3.162277660168379412e-01
2.793312000000000116e+05 1.000000000000000000e+01 1.000000000000000000e+01
2.796192000000000116e+05 1.000000000000000021e-02 9.999999999999999124e-06
2.796192000000000116e+05 1.000000000000000021e-02 3.162277660168379394e-04
2.796192000000000116e+05 1.000000000000000021e-02 1.000000000000000021e-02
2.796192000000000116e+05 1.000000000000000021e-02 3.162277660168379412e-01
2.796192000000000116e+05 1.000000000000000021e-02 1.000000000000000000e+01
2.796192000000000116e+05 1.000000000000000056e-01 9.999999999999999124e-06
2.796192000000000116e+05 1.000000000000000056e-01 3.162277660168379394e-04
2.796192000000000116e+05 1.000000000000000056e-01 1.000000000000000021e-02
2.796192000000000116e+05 1.000000000000000056e-01 3.162277660168379412e-01
2.796192000000000116e+05 1.000000000000000056e-01 1.000000000000000000e+01
2.796192000000000116e+05 1.000000000000000000e+00 9.999999999999999124e-06
2.796192000000000116e+05 1.000000000000000000e+00 3.162277660168379394e-04
2.796192000000000116e+05 1.000000000000000000e+00 1.000000000000000021e-02
2.796192000000000116e+05 1.000000000000000000e+00 3.162277660168379412e-01
2.796192000000000116e+05 1.000000000000000000e+00 1.000000000000000000e+01
2.796192000000000116e+05 1.000000000000000000e+01 9.999999999999999124e-06
2.796192000000000116e+05 1.000000000000000000e+01 3.162277660168379394e-04
2.796192000000000116e+05 1.000000000000000000e+01 1.000000000000000021e-02
2.796192000000000116e+05 1.000000000000000000e+01 3.162277660168379412e-01
2.796192000000000116e+05 1.000000000000000000e+01 1.000000000000000000e+01
