4.464000000000000000e+03 1.000000000000000021e-02 9.999999999999999124e-06
4.464000000000000000e+03 1.000000000000000021e-02 3.162277660168379394e-04
4.464000000000000000e+03 1.000000000000000021e-02 1.000000000000000021e-02
4.464000000000000000e+03 1.000000000000000021e-02 3.162277660168379412e-01
4.464000000000000000e+03 1.000000000000000021e-02 1.000000000000000000e+01
4.464000000000000000e+03 1.000000000000000056e-01 9.999999999999999124e-06
4.464000000000000000e+03 1.000000000000000056e-01 3.162277660168379394e-04
4.464000000000000000e+03 1.000000000000000056e-01 1.000000000000000021e-02
4.464000000000000000e+03 1.000000000000000056e-01 3.162277660168379412e-01
4.464000000000000000e+03 1.000000000000000056e-01 1.000000000000000000e+01
4.464000000000000000e+03 1.000000000000000000e+00 9.999999999999999124e-06
4.464000000000000000e+03 1.000000000000000000e+00 3.162277660168379394e-04
4.464000000000000000e+03 1.000000000000000000e+00 1.000000000000000021e-02
4.464000000000000000e+03 1.000000000000000000e+00 3.162277660168379412e-01
4.464000000000000000e+03 1.000000000000000000e+00 1.000000000000000000e+01
4.464000000000000000e+03 1.000000000000000000e+01 9.999999999999999124e-06
4.464000000000000000e+03 1.000000000000000000e+01 3.162277660168379394e-04
4.464000000000000000e+03 1.000000000000000000e+01 1.000000000000000021e-02
4.464000000000000000e+03 1.000000000000000000e+01 3.162277660168379412e-01
4.464000000000000000e+03 1.000000000000000000e+01 1.000000000000000000e+01
4.608000000000000000e+03 1.000000000000000021e-02 9.999999999999999124e-06
4.608000000000000000e+03 1.000000000000000021e-02 3.162277660168379394e-04
4.608000000000000000e+03 1.000000000000000021e-02 1.000000000000000021e-02
4.608000000000000000e+03 1.000000000000000021e-02 3.162277660168379412e-01
4.608000000000000000e+03 1.000000000000000021e-02 1.000000000000000000e+01
4.608000000000000000e+03 1.000000000000000056e-01 9.999999999999999124e-06
4.608000000000000000e+03 1.000000000000000056e-01 3.162277660168379394e-04
4.608000000000000000e+03 1.000000000000000056e-01 1.000000000000000021e-02
4.608000000000000000e+03 1.000000000000000056e-01 3.162277660168379412e-01
4.608000000000000000e+03 1.000000000000000056e-01 1.000000000000000000e+01
4.608000000000000000e+03 1.000000000000000000e+00 9.999999999999999124e-06
4.608000000000000000e+03 1.000000000000000000e+00 3.162277660168379394e-04
4.608000000000000000e+03 1.000000000000000000e+00 1.000000000000000021e-02
4.608000000000000000e+03 1.000000000000000000e+00 3.162277660168379412e-01
4.608000000000000000e+03 1.000000000000000000e+00 1.000000000000000000e+01
4.608000000000000000e+03 1.000000000000000000e+01 9.999999999999999124e-06
4.608000000000000000e+03 1.000000000000000000e+01 3.162277660168379394e-04
4.608000000000000000e+03 1.000000000000000000e+01 1.000000000000000021e-02
4.608000000000000000e+03 1.000000000000000000e+01 3.162277660168379412e-01
4.608000000000000000e+03 1.000000000000000000e+01 1.000000000000000000e+01
4.752000000000000000e+03 1.000000000000000021e-02 9.999999999999999124e-06
4.752000000000000000e+03 1.000000000000000021e-02 3.162277660168379394e-04
4.752000000000000000e+03 1.000000000000000021e-02 1.000000000000000021e-02
4.752000000000000000e+03 1.000000000000000021e-02 3.162277660168379412e-01
4.752000000000000000e+03 1.000000000000000021e-02 1.000000000000000000e+01
4.752000000000000000e+03 1.000000000000000056e-01 9.999999999999999124e-06
4.752000000000000000e+03 1.000000000000000056e-01 3.162277660168379394e-04
4.752000000000000000e+03 1.000000000000000056e-01 1.000000000000000021e-02
4.752000000000000000e+03 1.000000000000000056e-01 3.162277660168379412e-01
4.752000000000000000e+03 1.000000000000000056e-01 1.000000000000000000e+01
4.752000000000000000e+03 1.000000000000000000e+00 9.999999999999999124e-06
4.752000000000000000e+03 1.000000000000000000e+00 3.162277660168379394e-04
4.752000000000000000e+03 1.000000000000000000e+00 1.000000000000000021e-02
4.752000000000000000e+03 1.000000000000000000e+00 3.162277660168379412e-01
4.752000000000000000e+03 1.000000000000000000e+00 1.000000000000000000e+01
4.752000000000000000e+03 1.000000000000000000e+01 9.999999999999999124e-06
4.752000000000000000e+03 1.000000000000000000e+01 3.162277660168379394e-04
4.752000000000000000e+03 1.000000000000000000e+01 1.000000000000000021e-02
4.752000000000000000e+03 1.000000000000000000e+01 3.162277660168379412e-01
4.752000000000000000e+03 1.000000000000000000e+01 1.000000000000000000e+01
4.896000000000000000e+03 1.000000000000000021e-02 9.999999999999999124e-06
4.896000000000000000e+03 1.000000000000000021e-02 3.162277660168379394e-04
4.896000000000000000e+03 1.000000000000000021e-02 1.000000000000000021e-02
4.896000000000000000e+03 1.000000000000000021e-02 3.162277660168379412e-01
4.896000000000000000e+03 1.000000000000000021e-02 1.000000000000000000e+01
4.896000000000000000e+03 1.000000000000000056e-01 9.999999999999999124e-06
4.896000000000000000e+03 1.000000000000000056e-01 3.162277660168379394e-04
4.896000000000000000e+03 1.000000000000000056e-01 1.000000000000000021e-02
4.896000000000000000e+03 1.000000000000000056e-01 3.162277660168379412e-01
4.896000000000000000e+03 1.000000000000000056e-01 1.000000000000000000e+01
4.896000000000000000e+03 1.000000000000000000e+00 9.999999999999999124e-06
4.896000000000000000e+03 1.000000000000000000e+00 3.162277660168379394e-04
4.896000000000000000e+03 1.000000000000000000e+00 1.000000000000000021e-02
4.896000000000000000e+03 1.000000000000000000e+00 3.162277660168379412e-01
4.896000000000000000e+03 1.000000000000000000e+00 1.000000000000000000e+01
4.896000000000000000e+03 1.000000000000000000e+01 9.999999999999999124e-06
4.896000000000000000e+03 1.000000000000000000e+01 3.162277660168379394e-04
4.896000000000000000e+03 1.000000000000000000e+01 1.000000000000000021e-02
4.896000000000000000e+03 1.000000000000000000e+01 3.162277660168379412e-01
4.896000000000000000e+03 1.000000000000000000e+01 1.000000000000000000e+01
5.040000000000000000e+03 1.000000000000000021e-02 9.999999999999999124e-06
5.040000000000000000e+03 1.000000000000000021e-02 3.162277660168379394e-04
5.040000000000000000e+03 1.000000000000000021e-02 1.000000000000000021e-02
5.040000000000000000e+03 1.000000000000000021e-02 3.162277660168379412e-01
5.040000000000000000e+03 1.000000000000000021e-02 1.000000000000000000e+01
5.040000000000000000e+03 1.000000000000000056e-01 9.999999999999999124e-06
5.040000000000000000e+03 1.000000000000000056e-01 3.162277660168379394e-04
5.040000000000000000e+03 1.000000000000000056e-01 1.000000000000000021e-02
5.040000000000000000e+03 1.000000000000000056e-01 3.162277660168379412e-01
5.040000000000000000e+03 1.000000000000000056e-01 1.000000000000000000e+01
5.040000000000000000e+03 1.000000000000000000e+00 9.999999999999999124e-06
5.040000000000000000e+03 1.000000000000000000e+00 3.162277660168379394e-04
5.040000000000000000e+03 1.000000000000000000e+00 1.000000000000000021e-02
5.040000000000000000e+03 1.000000000000000000e+00 3.162277660168379412e-01
5.040000000000000000e+03 1.000000000000000000e+00 1.000000000000000000e+01
5.040000000000000000e+03 1.000000000000000000e+01 9.999999999999999124e-06
5.040000000000000000e+03 1.000000000000000000e+01 3.162277660168379394e-04
5.040000000000000000e+03 1.000000000000000000e+01 1.000000000000000021e-02
5.040000000000000000e+03 1.000000000000000000e+01 3.162277660168379412e-01
5.040000000000000000e+03 1.000000000000000000e+01 1.000000000000000000e+01
5.184000000000000000e+03 1.000000000000000021e-02 9.999999999999999124e-06
5.184000000000000000e+03 1.000000000000000021e-02 3.162277660168379394e-04
5.184000000000000000e+03 1.000000000000000021e-02 1.000000000000000021e-02
5.184000000000000000e+03 1.000000000000000021e-02 3.162277660168379412e-01
5.184000000000000000e+03 1.000000000000000021e-02 1.000000000000000000e+01
5.184000000000000000e+03 1.000000000000000056e-01 9.999999999999999124e-06
5.184000000000000000e+03 1.000000000000000056e-01 3.162277660168379394e-04
5.184000000000000000e+03 1.000000000000000056e-01 1.000000000000000021e-02
5.184000000000000000e+03 1.000000000000000056e-01 3.162277660168379412e-01
5.184000000000000000e+03 1.000000000000000056e-01 1.000000000000000000e+01
5.184000000000000000e+03 1.000000000000000000e+00 9.999999999999999124e-06
5.184000000000000000e+03 1.000000000000000000e+00 3.162277660168379394e-04
5.184000000000000000e+03 1.000000000000000000e+00 1.000000000000000021e-02
5.184000000000000000e+03 1.000000000000000000e+00 3.162277660168379412e-01
5.184000000000000000e+03 1.000000000000000000e+00 1.000000000000000000e+01
5.184000000000000000e+03 1.000000000000000000e+01 9.999999999999999124e-06
5.184000000000000000e+03 1.000000000000000000e+01 3.162277660168379394e-04
5.184000000000000000e+03 1.000000000000000000e+01 1.000000000000000021e-02
5.184000000000000000e+03 1.000000000000000000e+01 3.162277660168379412e-01
5.184000000000000000e+03 1.000000000000000000e+01 1.000000000000000000e+01
5.328000000000000000e+03 1.000000000000000021e-02 9.999999999999999124e-06
5.328000000000000000e+03 1.000000000000000021e-02 3.162277660168379394e-04
5.328000000000000000e+03 1.000000000000000021e-02 1.000000000000000021e-02
5.328000000000000000e+03 1.000000000000000021e-02 3.162277660168379412e-01
5.328000000000000000e+03 1.000000000000000021e-02 1.000000000000000000e+01
5.328000000000000000e+03 1.000000000000000056e-01 9.999999999999999124e-06
5.328000000000000000e+03 1.000000000000000056e-01 3.162277660168379394e-04
5.328000000000000000e+03 1.000000000000000056e-01 1.000000000000000021e-02
5.328000000000000000e+03 1.000000000000000056e-01 3.162277660168379412e-01
5.328000000000000000e+03 1.000000000000000056e-01 1.000000000000000000e+01
5.328000000000000000e+03 1.000000000000000000e+00 9.999999999999999124e-06
5.328000000000000000e+03 1.000000000000000000e+00 3.162277660168379394e-04
5.328000000000000000e+03 1.000000000000000000e+00 1.000000000000000021e-02
5.328000000000000000e+03 1.000000000000000000e+00 3.162277660168379412e-01
5.328000000000000000e+03 1.000000000000000000e+00 1.000000000000000000e+01
5.328000000000000000e+03 1.000000000000000000e+01 9.999999999999999124e-06
5.328000000000000000e+03 1.000000000000000000e+01 3.162277660168379394e-04
5.328000000000000000e+03 1.000000000000000000e+01 1.000000000000000021e-02
5.328000000000000000e+03 1.000000000000000000e+01 3.162277660168379412e-01
5.328000000000000000e+03 1.000000000000000000e+01 1.000000000000000000e+01
5.472000000000000000e+03 1.000000000000000021e-02 9.999999999999999124e-06
5.472000000000000000e+03 1.000000000000000021e-02 3.162277660168379394e-04
5.472000000000000000e+03 1.000000000000000021e-02 1.000000000000000021e-02
5.472000000000000000e+03 1.000000000000000021e-02 3.162277660168379412e-01
5.472000000000000000e+03 1.000000000000000021e-02 1.000000000000000000e+01
5.472000000000000000e+03 1.000000000000000056e-01 9.999999999999999124e-06
5.472000000000000000e+03 1.000000000000000056e-01 3.162277660168379394e-04
5.472000000000000000e+03 1.000000000000000056e-01 1.000000000000000021e-02
5.472000000000000000e+03 1.000000000000000056e-01 3.162277660168379412e-01
5.472000000000000000e+03 1.000000000000000056e-01 1.000000000000000000e+01
5.472000000000000000e+03 1.000000000000000000e+00 9.999999999999999124e-06
5.472000000000000000e+03 1.000000000000000000e+00 3.162277660168379394e-04
5.472000000000000000e+03 1.000000000000000000e+00 1.000000000000000021e-02
5.472000000000000000e+03 1.000000000000000000e+00 3.162277660168379412e-01
5.472000000000000000e+03 1.000000000000000000e+00 1.000000000000000000e+01
5.472000000000000000e+03 1.000000000000000000e+01 9.999999999999999124e-06
5.472000000000000000e+03 1.000000000000000000e+01 3.162277660168379394e-04
5.472000000000000000e+03 1.000000000000000000e+01 1.000000000000000021e-02
5.472000000000000000e+03 1.000000000000000000e+01 3.162277660168379412e-01
5.472000000000000000e+03 1.000000000000000000e+01 1.000000000000000000e+01
5.616000000000000000e+03 1.000000000000000021e-02 9.999999999999999124e-06
5.616000000000000000e+03 1.000000000000000021e-02 3.162277660168379394e-04
5.616000000000000000e+03 1.000000000000000021e-02 1.000000000000000021e-02
5.616000000000000000e+03 1.000000000000000021e-02 3.162277660168379412e-01
5.616000000000000000e+03 1.000000000000000021e-02 1.000000000000000000e+01
5.616000000000000000e+03 1.000000000000000056e-01 9.999999999999999124e-06
5.616000000000000000e+03 1.000000000000000056e-01 3.162277660168379394e-04
5.616000000000000000e+03 1.000000000000000056e-01 1.000000000000000021e-02
5.616000000000000000e+03 1.000000000000000056e-01 3.162277660168379412e-01
5.616000000000000000e+03 1.000000000000000056e-01 1.000000000000000000e+01
5.616000000000000000e+03 1.000000000000000000e+00 9.999999999999999124e-06
5.616000000000000000e+03 1.000000000000000000e+00 3.162277660168379394e-04
5.616000000000000000e+03 1.000000000000000000e+00 1.000000000000000021e-02
5.616000000000000000e+03 1.000000000000000000e+00 3.162277660168379412e-01
5.616000000000000000e+03 1.000000000000000000e+00 1.000000000000000000e+01
5.616000000000000000e+03 1.000000000000000000e+01 9.999999999999999124e-06
5.616000000000000000e+03 1.000000000000000000e+01 3.162277660168379394e-04
5.616000000000000000e+03 1.000000000000000000e+01 1.000000000000000021e-02
5.616000000000000000e+03 1.000000000000000000e+01 3.162277660168379412e-01
5.616000000000000000e+03 1.000000000000000000e+01 1.000000000000000000e+01
5.760000000000000000e+03 1.000000000000000021e-02 9.999999999999999124e-06
5.760000000000000000e+03 1.000000000000000021e-02 3.162277660168379394e-04
5.760000000000000000e+03 1.000000000000000021e-02 1.000000000000000021e-02
5.760000000000000000e+03 1.000000000000000021e-02 3.162277660168379412e-01
5.760000000000000000e+03 1.000000000000000021e-02 1.000000000000000000e+01
5.760000000000000000e+03 1.000000000000000056e-01 9.999999999999999124e-06
5.760000000000000000e+03 1.000000000000000056e-01 3.162277660168379394e-04
5.760000000000000000e+03 1.000000000000000056e-01 1.000000000000000021e-02
5.760000000000000000e+03 1.000000000000000056e-01 3.162277660168379412e-01
5.760000000000000000e+03 1.000000000000000056e-01 1.000000000000000000e+01
5.760000000000000000e+03 1.000000000000000000e+00 9.999999999999999124e-06
5.760000000000000000e+03 1.000000000000000000e+00 3.162277660168379394e-04
5.760000000000000000e+03 1.000000000000000000e+00 1.000000000000000021e-02
5.760000000000000000e+03 1.000000000000000000e+00 3.162277660168379412e-01
5.760000000000000000e+03 1.000000000000000000e+00 1.000000000000000000e+01
5.760000000000000000e+03 1.000000000000000000e+01 9.999999999999999124e-06
5.760000000000000000e+03 1.000000000000000000e+01 3.162277660168379394e-04
5.760000000000000000e+03 1.000000000000000000e+01 1.000000000000000021e-02
5.760000000000000000e+03 1.000000000000000000e+01 3.162277660168379412e-01
5.760000000000000000e+03 1.000000000000000000e+01 1.000000000000000000e+01
5.904000000000000000e+03 1.000000000000000021e-02 9.999999999999999124e-06
5.904000000000000000e+03 1.000000000000000021e-02 3.162277660168379394e-04
5.904000000000000000e+03 1.000000000000000021e-02 1.000000000000000021e-02
5.904000000000000000e+03 1.000000000000000021e-02 3.162277660168379412e-01
5.904000000000000000e+03 1.000000000000000021e-02 1.000000000000000000e+01
5.904000000000000000e+03 1.000000000000000056e-01 9.999999999999999124e-06
5.904000000000000000e+03 1.000000000000000056e-01 3.162277660168379394e-04
5.904000000000000000e+03 1.000000000000000056e-01 1.000000000000000021e-02
5.904000000000000000e+03 1.000000000000000056e-01 3.162277660168379412e-01
5.904000000000000000e+03 1.000000000000000056e-01 1.000000000000000000e+01
5.904000000000000000e+03 1.000000000000000000e+00 9.999999999999999124e-06
5.904000000000000000e+03 1.000000000000000000e+00 3.162277660168379394e-04
5.904000000000000000e+03 1.000000000000000000e+00 1.000000000000000021e-02
5.904000000000000000e+03 1.000000000000000000e+00 3.162277660168379412e-01
5.904000000000000000e+03 1.000000000000000000e+00 1.000000000000000000e+01
5.904000000000000000e+03 1.000000000000000000e+01 9.999999999999999124e-06
5.904000000000000000e+03 1.000000000000000000e+01 3.162277660168379394e-04
5.904000000000000000e+03 1.000000000000000000e+01 1.000000000000000021e-02
5.904000000000000000e+03 1.000000000000000000e+01 3.162277660168379412e-01
5.904000000000000000e+03 1.000000000000000000e+01 1.000000000000000000e+01
