3.700000000000000000e+02 1.000000000000000021e-02 9.999999999999999124e-06
3.700000000000000000e+02 1.000000000000000021e-02 3.162277660168379394e-04
3.700000000000000000e+02 1.000000000000000021e-02 1.000000000000000021e-02
3.700000000000000000e+02 1.000000000000000021e-02 3.162277660168379412e-01
3.700000000000000000e+02 1.000000000000000021e-02 1.000000000000000000e+01
3.700000000000000000e+02 1.000000000000000056e-01 9.999999999999999124e-06
3.700000000000000000e+02 1.000000000000000056e-01 3.162277660168379394e-04
3.700000000000000000e+02 1.000000000000000056e-01 1.000000000000000021e-02
3.700000000000000000e+02 1.000000000000000056e-01 3.162277660168379412e-01
3.700000000000000000e+02 1.000000000000000056e-01 1.000000000000000000e+01
3.700000000000000000e+02 1.000000000000000000e+00 9.999999999999999124e-06
3.700000000000000000e+02 1.000000000000000000e+00 3.162277660168379394e-04
3.700000000000000000e+02 1.000000000000000000e+00 1.000000000000000021e-02
3.700000000000000000e+02 1.000000000000000000e+00 3.162277660168379412e-01
3.700000000000000000e+02 1.000000000000000000e+00 1.000000000000000000e+01
3.700000000000000000e+02 1.000000000000000000e+01 9.999999999999999124e-06
3.700000000000000000e+02 1.000000000000000000e+01 3.162277660168379394e-04
3.700000000000000000e+02 1.000000000000000000e+01 1.000000000000000021e-02
3.700000000000000000e+02 1.000000000000000000e+01 3.162277660168379412e-01
3.700000000000000000e+02 1.000000000000000000e+01 1.000000000000000000e+01
3.740000000000000000e+02 1.000000000000000021e-02 9.999999999999999124e-06
3.740000000000000000e+02 1.000000000000000021e-02 3.162277660168379394e-04
3.740000000000000000e+02 1.000000000000000021e-02 1.000000000000000021e-02
3.740000000000000000e+02 1.000000000000000021e-02 3.162277660168379412e-01
3.740000000000000000e+02 1.000000000000000021e-02 1.000000000000000000e+01
3.740000000000000000e+02 1.000000000000000056e-01 9.999999999999999124e-06
3.740000000000000000e+02 1.000000000000000056e-01 3.162277660168379394e-04
3.740000000000000000e+02 1.000000000000000056e-01 1.000000000000000021e-02
3.740000000000000000e+02 1.000000000000000056e-01 3.162277660168379412e-01
3.740000000000000000e+02 1.000000000000000056e-01 1.000000000000000000e+01
3.740000000000000000e+02 1.000000000000000000e+00 9.999999999999999124e-06
3.740000000000000000e+02 1.000000000000000000e+00 3.162277660168379394e-04
3.740000000000000000e+02 1.000000000000000000e+00 1.000000000000000021e-02
3.740000000000000000e+02 1.000000000000000000e+00 3.162277660168379412e-01
3.740000000000000000e+02 1.000000000000000000e+00 1.000000000000000000e+01
3.740000000000000000e+02 1.000000000000000000e+01 9.999999999999999124e-06
3.740000000000000000e+02 1.000000000000000000e+01 3.162277660168379394e-04
3.740000000000000000e+02 1.000000000000000000e+01 1.000000000000000021e-02
3.740000000000000000e+02 1.000000000000000000e+01 3.162277660168379412e-01
3.740000000000000000e+02 1.000000000000000000e+01 1.000000000000000000e+01
3.780000000000000000e+02 1.000000000000000021e-02 9.999999999999999124e-06
3.780000000000000000e+02 1.000000000000000021e-02 3.162277660168379394e-04
3.780000000000000000e+02 1.000000000000000021e-02 1.000000000000000021e-02
3.780000000000000000e+02 1.000000000000000021e-02 3.162277660168379412e-01
3.780000000000000000e+02 1.000000000000000021e-02 1.000000000000000000e+01
3.780000000000000000e+02 1.000000000000000056e-01 9.999999999999999124e-06
3.780000000000000000e+02 1.000000000000000056e-01 3.162277660168379394e-04
3.780000000000000000e+02 1.000000000000000056e-01 1.000000000000000021e-02
3.780000000000000000e+02 1.000000000000000056e-01 3.162277660168379412e-01
3.780000000000000000e+02 1.000000000000000056e-01 1.000000000000000000e+01
3.780000000000000000e+02 1.000000000000000000e+00 9.999999999999999124e-06
3.780000000000000000e+02 1.000000000000000000e+00 3.162277660168379394e-04
3.780000000000000000e+02 1.000000000000000000e+00 1.000000000000000021e-02
3.780000000000000000e+02 1.000000000000000000e+00 3.162277660168379412e-01
3.780000000000000000e+02 1.000000000000000000e+00 1.000000000000000000e+01
3.780000000000000000e+02 1.000000000000000000e+01 9.999999999999999124e-06
3.780000000000000000e+02 1.000000000000000000e+01 3.162277660168379394e-04
3.780000000000000000e+02 1.000000000000000000e+01 1.000000000000000021e-02
3.780000000000000000e+02 1.000000000000000000e+01 3.162277660168379412e-01
3.780000000000000000e+02 1.000000000000000000e+01 1.000000000000000000e+01
3.820000000000000000e+02 1.000000000000000021e-02 9.999999999999999124e-06
3.820000000000000000e+02 1.000000000000000021e-02 3.162277660168379394e-04
3.820000000000000000e+02 1.000000000000000021e-02 1.000000000000000021e-02
3.820000000000000000e+02 1.000000000000000021e-02 3.162277660168379412e-01
3.820000000000000000e+02 1.000000000000000021e-02 1.000000000000000000e+01
3.820000000000000000e+02 1.000000000000000056e-01 9.999999999999999124e-06
3.820000000000000000e+02 1.000000000000000056e-01 3.162277660168379394e-04
3.820000000000000000e+02 1.000000000000000056e-01 1.000000000000000021e-02
3.820000000000000000e+02 1.000000000000000056e-01 3.162277660168379412e-01
3.820000000000000000e+02 1.000000000000000056e-01 1.000000000000000000e+01
3.820000000000000000e+02 1.000000000000000000e+00 9.999999999999999124e-06
3.820000000000000000e+02 1.000000000000000000e+00 3.162277660168379394e-04
3.820000000000000000e+02 1.000000000000000000e+00 1.000000000000000021e-02
3.820000000000000000e+02 1.000000000000000000e+00 3.162277660168379412e-01
3.820000000000000000e+02 1.000000000000000000e+00 1.000000000000000000e+01
3.820000000000000000e+02 1.000000000000000000e+01 9.999999999999999124e-06
3.820000000000000000e+02 1.000000000000000000e+01 3.162277660168379394e-04
3.820000000000000000e+02 1.000000000000000000e+01 1.000000000000000021e-02
3.820000000000000000e+02 1.000000000000000000e+01 3.162277660168379412e-01
3.820000000000000000e+02 1.000000000000000000e+01 1.000000000000000000e+01
3.860000000000000000e+02 1.000000000000000021e-02 9.999999999999999124e-06
3.860000000000000000e+02 1.000000000000000021e-02 3.162277660168379394e-04
3.860000000000000000e+02 1.000000000000000021e-02 1.000000000000000021e-02
3.860000000000000000e+02 1.000000000000000021e-02 3.162277660168379412e-01
3.860000000000000000e+02 1.000000000000000021e-02 1.000000000000000000e+01
3.860000000000000000e+02 1.000000000000000056e-01 9.999999999999999124e-06
3.860000000000000000e+02 1.000000000000000056e-01 3.162277660168379394e-04
3.860000000000000000e+02 1.000000000000000056e-01 1.000000000000000021e-02
3.860000000000000000e+02 1.000000000000000056e-01 3.162277660168379412e-01
3.860000000000000000e+02 1.000000000000000056e-01 1.000000000000000000e+01
3.860000000000000000e+02 1.000000000000000000e+00 9.999999999999999124e-06
3.860000000000000000e+02 1.000000000000000000e+00 3.162277660168379394e-04
3.860000000000000000e+02 1.000000000000000000e+00 1.000000000000000021e-02
3.860000000000000000e+02 1.000000000000000000e+00 3.162277660168379412e-01
3.860000000000000000e+02 1.000000000000000000e+00 1.000000000000000000e+01
3.860000000000000000e+02 1.000000000000000000e+01 9.999999999999999124e-06
3.860000000000000000e+02 1.000000000000000000e+01 3.162277660168379394e-04
3.860000000000000000e+02 1.000000000000000000e+01 1.000000000000000021e-02
3.860000000000000000e+02 1.000000000000000000e+01 3.162277660168379412e-01
3.860000000000000000e+02 1.000000000000000000e+01 1.000000000000000000e+01
3.900000000000000000e+02 1.000000000000000021e-02 9.999999999999999124e-06
3.900000000000000000e+02 1.000000000000000021e-02 3.162277660168379394e-04
3.900000000000000000e+02 1.000000000000000021e-02 1.000000000000000021e-02
3.900000000000000000e+02 1.000000000000000021e-02 3.162277660168379412e-01
3.900000000000000000e+02 1.000000000000000021e-02 1.000000000000000000e+01
3.900000000000000000e+02 1.000000000000000056e-01 9.999999999999999124e-06
3.900000000000000000e+02 1.000000000000000056e-01 3.162277660168379394e-04
3.900000000000000000e+02 1.000000000000000056e-01 1.000000000000000021e-02
3.900000000000000000e+02 1.000000000000000056e-01 3.162277660168379412e-01
3.900000000000000000e+02 1.000000000000000056e-01 1.000000000000000000e+01
3.900000000000000000e+02 1.000000000000000000e+00 9.999999999999999124e-06
3.900000000000000000e+02 1.000000000000000000e+00 3.162277660168379394e-04
3.900000000000000000e+02 1.000000000000000000e+00 1.000000000000000021e-02
3.900000000000000000e+02 1.000000000000000000e+00 3.162277660168379412e-01
3.900000000000000000e+02 1.000000000000000000e+00 1.000000000000000000e+01
3.900000000000000000e+02 1.000000000000000000e+01 9.999999999999999124e-06
3.900000000000000000e+02 1.000000000000000000e+01 3.162277660168379394e-04
3.900000000000000000e+02 1.000000000000000000e+01 1.000000000000000021e-02
3.900000000000000000e+02 1.000000000000000000e+01 3.162277660168379412e-01
3.900000000000000000e+02 1.000000000000000000e+01 1.000000000000000000e+01
3.940000000000000000e+02 1.000000000000000021e-02 9.999999999999999124e-06
3.940000000000000000e+02 1.000000000000000021e-02 3.162277660168379394e-04
3.940000000000000000e+02 1.000000000000000021e-02 1.000000000000000021e-02
3.940000000000000000e+02 1.000000000000000021e-02 3.162277660168379412e-01
3.940000000000000000e+02 1.000000000000000021e-02 1.000000000000000000e+01
3.940000000000000000e+02 1.000000000000000056e-01 9.999999999999999124e-06
3.940000000000000000e+02 1.000000000000000056e-01 3.162277660168379394e-04
3.940000000000000000e+02 1.000000000000000056e-01 1.000000000000000021e-02
3.940000000000000000e+02 1.000000000000000056e-01 3.162277660168379412e-01
3.940000000000000000e+02 1.000000000000000056e-01 1.000000000000000000e+01
3.940000000000000000e+02 1.000000000000000000e+00 9.999999999999999124e-06
3.940000000000000000e+02 1.000000000000000000e+00 3.162277660168379394e-04
3.940000000000000000e+02 1.000000000000000000e+00 1.000000000000000021e-02
3.940000000000000000e+02 1.000000000000000000e+00 3.162277660168379412e-01
3.940000000000000000e+02 1.000000000000000000e+00 1.000000000000000000e+01
3.940000000000000000e+02 1.000000000000000000e+01 9.999999999999999124e-06
3.940000000000000000e+02 1.000000000000000000e+01 3.162277660168379394e-04
3.940000000000000000e+02 1.000000000000000000e+01 1.000000000000000021e-02
3.940000000000000000e+02 1.000000000000000000e+01 3.162277660168379412e-01
3.940000000000000000e+02 1.000000000000000000e+01 1.000000000000000000e+01
3.980000000000000000e+02 1.000000000000000021e-02 9.999999999999999124e-06
3.980000000000000000e+02 1.000000000000000021e-02 3.162277660168379394e-04
3.980000000000000000e+02 1.000000000000000021e-02 1.000000000000000021e-02
3.980000000000000000e+02 1.000000000000000021e-02 3.162277660168379412e-01
3.980000000000000000e+02 1.000000000000000021e-02 1.000000000000000000e+01
3.980000000000000000e+02 1.000000000000000056e-01 9.999999999999999124e-06
3.980000000000000000e+02 1.000000000000000056e-01 3.162277660168379394e-04
3.980000000000000000e+02 1.000000000000000056e-01 1.000000000000000021e-02
3.980000000000000000e+02 1.000000000000000056e-01 3.162277660168379412e-01
3.980000000000000000e+02 1.000000000000000056e-01 1.000000000000000000e+01
3.980000000000000000e+02 1.000000000000000000e+00 9.999999999999999124e-06
3.980000000000000000e+02 1.000000000000000000e+00 3.162277660168379394e-04
3.980000000000000000e+02 1.000000000000000000e+00 1.000000000000000021e-02
3.980000000000000000e+02 1.000000000000000000e+00 3.162277660168379412e-01
3.980000000000000000e+02 1.000000000000000000e+00 1.000000000000000000e+01
3.980000000000000000e+02 1.000000000000000000e+01 9.999999999999999124e-06
3.980000000000000000e+02 1.000000000000000000e+01 3.162277660168379394e-04
3.980000000000000000e+02 1.000000000000000000e+01 1.000000000000000021e-02
3.980000000000000000e+02 1.000000000000000000e+01 3.162277660168379412e-01
3.980000000000000000e+02 1.000000000000000000e+01 1.000000000000000000e+01
4.020000000000000000e+02 1.000000000000000021e-02 9.999999999999999124e-06
4.020000000000000000e+02 1.000000000000000021e-02 3.162277660168379394e-04
4.020000000000000000e+02 1.000000000000000021e-02 1.000000000000000021e-02
4.020000000000000000e+02 1.000000000000000021e-02 3.162277660168379412e-01
4.020000000000000000e+02 1.000000000000000021e-02 1.000000000000000000e+01
4.020000000000000000e+02 1.000000000000000056e-01 9.999999999999999124e-06
4.020000000000000000e+02 1.000000000000000056e-01 3.162277660168379394e-04
4.020000000000000000e+02 1.000000000000000056e-01 1.000000000000000021e-02
4.020000000000000000e+02 1.000000000000000056e-01 3.162277660168379412e-01
4.020000000000000000e+02 1.000000000000000056e-01 1.000000000000000000e+01
4.020000000000000000e+02 1.000000000000000000e+00 9.999999999999999124e-06
4.020000000000000000e+02 1.000000000000000000e+00 3.162277660168379394e-04
4.020000000000000000e+02 1.000000000000000000e+00 1.000000000000000021e-02
4.020000000000000000e+02 1.000000000000000000e+00 3.162277660168379412e-01
4.020000000000000000e+02 1.000000000000000000e+00 1.000000000000000000e+01
4.020000000000000000e+02 1.000000000000000000e+01 9.999999999999999124e-06
4.020000000000000000e+02 1.000000000000000000e+01 3.162277660168379394e-04
4.020000000000000000e+02 1.000000000000000000e+01 1.000000000000000021e-02
4.020000000000000000e+02 1.000000000000000000e+01 3.162277660168379412e-01
4.020000000000000000e+02 1.000000000000000000e+01 1.000000000000000000e+01
4.060000000000000000e+02 1.000000000000000021e-02 9.999999999999999124e-06
4.060000000000000000e+02 1.000000000000000021e-02 3.162277660168379394e-04
4.060000000000000000e+02 1.000000000000000021e-02 1.000000000000000021e-02
4.060000000000000000e+02 1.000000000000000021e-02 3.162277660168379412e-01
4.060000000000000000e+02 1.000000000000000021e-02 1.000000000000000000e+01
4.060000000000000000e+02 1.000000000000000056e-01 9.999999999999999124e-06
4.060000000000000000e+02 1.000000000000000056e-01 3.162277660168379394e-04
4.060000000000000000e+02 1.000000000000000056e-01 1.000000000000000021e-02
4.060000000000000000e+02 1.000000000000000056e-01 3.162277660168379412e-01
4.060000000000000000e+02 1.000000000000000056e-01 1.000000000000000000e+01
4.060000000000000000e+02 1.000000000000000000e+00 9.999999999999999124e-06
4.060000000000000000e+02 1.000000000000000000e+00 3.162277660168379394e-04
4.060000000000000000e+02 1.000000000000000000e+00 1.000000000000000021e-02
4.060000000000000000e+02 1.000000000000000000e+00 3.162277660168379412e-01
4.060000000000000000e+02 1.000000000000000000e+00 1.000000000000000000e+01
4.060000000000000000e+02 1.000000000000000000e+01 9.999999999999999124e-06
4.060000000000000000e+02 1.000000000000000000e+01 3.162277660168379394e-04
4.060000000000000000e+02 1.000000000000000000e+01 1.000000000000000021e-02
4.060000000000000000e+02 1.000000000000000000e+01 3.162277660168379412e-01
4.060000000000000000e+02 1.000000000000000000e+01 1.000000000000000000e+01
4.100000000000000000e+02 1.000000000000000021e-02 9.999999999999999124e-06
4.100000000000000000e+02 1.000000000000000021e-02 3.162277660168379394e-04
4.100000000000000000e+02 1.000000000000000021e-02 1.000000000000000021e-02
4.100000000000000000e+02 1.000000000000000021e-02 3.162277660168379412e-01
4.100000000000000000e+02 1.000000000000000021e-02 1.000000000000000000e+01
4.100000000000000000e+02 1.000000000000000056e-01 9.999999999999999124e-06
4.100000000000000000e+02 1.000000000000000056e-01 3.162277660168379394e-04
4.100000000000000000e+02 1.000000000000000056e-01 1.000000000000000021e-02
4.100000000000000000e+02 1.000000000000000056e-01 3.162277660168379412e-01
4.100000000000000000e+02 1.000000000000000056e-01 1.000000000000000000e+01
4.100000000000000000e+02 1.000000000000000000e+00 9.999999999999999124e-06
4.100000000000000000e+02 1.000000000000000000e+00 3.162277660168379394e-04
4.100000000000000000e+02 1.000000000000000000e+00 1.000000000000000021e-02
4.100000000000000000e+02 1.000000000000000000e+00 3.162277660168379412e-01
4.100000000000000000e+02 1.000000000000000000e+00 1.000000000000000000e+01
4.100000000000000000e+02 1.000000000000000000e+01 9.999999999999999124e-06
4.100000000000000000e+02 1.000000000000000000e+01 3.162277660168379394e-04
4.100000000000000000e+02 1.000000000000000000e+01 1.000000000000000021e-02
4.100000000000000000e+02 1.000000000000000000e+01 3.162277660168379412e-01
4.100000000000000000e+02 1.000000000000000000e+01 1.000000000000000000e+01
