7.338954304701816866e-02
7.338954686631193880e-02
7.338897425391743834e-02
7.283479652581281716e-02
-1.740586609800851559e-01
6.168087047116954658e-02
6.099578214047685076e-02
5.973966195003788116e-02
5.768372332060756058e-02
4.896010833230313164e-02
4.503452080702619043e-02
4.379966176666916233e-02
4.339738864894149284e-02
4.101633407113836061e-02
3.411849772717012730e-02
3.322202904140703072e-02
3.308884082396590376e-02
3.298699211759226202e-02
3.265244394913557890e-02
2.997439162716863947e-02
5.842071885714150703e-02
5.842166198957499113e-02
5.842111558289064810e-02
5.786524927782255023e-02
-1.838346650120050718e-01
4.430237707162354432e-02
4.329095152394180079e-02
4.124539033938101618e-02
3.904976520416680863e-02
3.095690152866037437e-02
2.741211009607635862e-02
2.342892479049907273e-02
2.180656939335934297e-02
1.910951699994811737e-02
1.757566789931674922e-02
1.709933812523312113e-02
1.623249111506075426e-02
1.560567435266824177e-02
1.530682378662095999e-02
1.399308161875778556e-02
5.889612399750521199e-02
5.889558624084911820e-02
5.889497734426674125e-02
5.832292610402844968e-02
-1.924428072637307530e-01
4.679560892736822630e-02
4.605104886355826377e-02
4.422147645633189850e-02
4.215825765382508195e-02
3.464240922005301648e-02
3.185066929257851509e-02
3.015708301347241882e-02
2.960267631701896107e-02
2.853649661221668854e-02
2.599491908666817785e-02
2.491153217967723155e-02
2.337356393728740045e-02
2.220344352421366185e-02
1.880089429137166146e-02
1.590442591830965036e-02
5.091407422178395592e-02
5.091497208468120927e-02
5.091442697949544183e-02
5.035985092603767477e-02
-1.953606397238512038e-01
3.788690260459193215e-02
3.721204640300712629e-02
3.578423754758608410e-02
3.295195330379718790e-02
2.457664738754583578e-02
2.408533540832757947e-02
2.324280981900084253e-02
2.261770265043949735e-02
2.202836013370856882e-02
2.064375193930267915e-02
1.998481155406572896e-02
1.643806985767803930e-02
1.373464034717275517e-02
1.242275215952703959e-02
1.089823898156816462e-02
5.415668447751609271e-02
5.415710877095558651e-02
5.415650406240790637e-02
5.356017630080012193e-02
-2.013220062267913057e-01
3.834419060013238845e-02
3.692222750930052033e-02
3.464652365572029602e-02
3.228861501576774096e-02
2.473208433255669192e-02
2.489862663691000400e-02
2.468581350432619281e-02
2.392903071030028084e-02
2.229466166233107227e-02
1.937225344609305733e-02
1.875803138175158313e-02
1.720527298386675952e-02
1.585820831676665321e-02
8.058246882837294400e-03
4.409342554442030604e-03
7.559262197899341285e-02
7.559227729469664148e-02
7.559167128053800866e-02
7.501628949031480253e-02
-1.791136446218748457e-01
6.040371428511448482e-02
5.972492948524277256e-02
5.886054074384350354e-02
5.690756255858209212e-02
4.857996162608246848e-02
4.223173289726878110e-02
4.183516211653315331e-02
4.115451713442119797e-02
3.890054237561357819e-02
3.609186812819120682e-02
3.544683447073782023e-02
3.496081192465694265e-02
3.456286224321114542e-02
3.280073973502595219e-02
2.947137634382290816e-02
6.217414007629906703e-02
6.217441067753015638e-02
6.217380936597183272e-02
6.158708804067158926e-02
-1.850913942039063009e-01
4.805082548170402923e-02
4.705697981229339799e-02
4.493783161371478485e-02
4.268846754139887789e-02
3.543836590596360914e-02
3.271738295077974978e-02
3.094291198501686324e-02
2.755731556816098937e-02
2.300103020172128421e-02
2.143968195169343449e-02
2.115105433403796642e-02
1.900531320271325875e-02
1.741867036327171547e-02
1.511258977223151057e-02
1.291738972211764480e-02
6.281779157709177497e-02
6.281802045990403371e-02
6.281745406542305066e-02
6.226329688847453969e-02
-1.812087292907755831e-01
4.978910195236374570e-02
4.907595913746698457e-02
4.777660445647691212e-02
4.587672859224400934e-02
3.787911082023254217e-02
3.378221170743256341e-02
3.336685415546503108e-02
3.270062684181562762e-02
3.116204619459317371e-02
2.563850149293422920e-02
2.182385413674414743e-02
1.961888089965657667e-02
1.794550823820895147e-02
1.262777877367637913e-02
9.541180652953396013e-03
6.233960834692287012e-02
6.233985193828817106e-02
6.233929640157109819e-02
6.179542363048229348e-02
-1.779431643866971058e-01
4.970839376794211617e-02
4.846847408074528296e-02
4.665597208423299946e-02
4.433191726646645847e-02
3.757822497638940717e-02
3.535233426275108393e-02
3.489173614376239740e-02
3.445897657846885842e-02
3.384128999312729924e-02
3.149468957034240457e-02
3.041585616809894255e-02
2.947678781395768333e-02
2.881603837790791545e-02
2.781888893928197160e-02
2.523609043104779737e-02
5.923641906198962026e-02
5.923666746387568072e-02
5.923609062659485058e-02
5.867135957956304271e-02
-1.898877274489567668e-01
4.438378836824452556e-02
4.332009549464654885e-02
4.207717817995559884e-02
4.037222366027592990e-02
3.332200369536308937e-02
3.304362007485495134e-02
3.225526325978322895e-02
2.965414363820162436e-02
2.759566683658865038e-02
2.421061967577786689e-02
2.368312159895413771e-02
2.364535475822171495e-02
2.350365785890951020e-02
1.921156057294970410e-02
1.597384490263287216e-02
4.752575225963906469e-02
4.752531884264121764e-02
4.752470920764184648e-02
4.695085079190497446e-02
-1.987185383995604404e-01
3.152367050665250137e-02
3.062132984201737518e-02
2.989411472718261908e-02
2.861686266823437741e-02
2.116252777930061058e-02
1.910548111382615044e-02
1.712689527698174619e-02
1.610005079497967007e-02
1.442880059812834403e-02
6.582804744792225549e-03
4.787507183454664528e-03
3.468444863946928969e-03
2.518907225307343012e-03
1.725578491361345890e-03
1.289078998354398209e-03
