1.959543428057120007e-01
1.901204068060901031e-01
1.830199051647384278e-01
1.703431125477621322e-01
-8.646518557822879814e-02
1.224275071084467426e-01
1.182556819046999275e-01
1.144285123308860230e-01
1.113292421815279543e-01
1.003306976855257160e-01
7.484042254788647597e-02
7.246360219643477318e-02
7.032448737638652414e-02
6.670921969401355511e-02
5.411115838684810164e-02
4.476478663037730676e-02
3.393389133592339402e-02
2.639526246659607001e-02
1.117183159458201569e-02
4.503694697654880841e-03
2.457754282716086980e-01
2.395428736248488288e-01
2.312955382841742624e-01
2.196703586141903752e-01
-6.789154368699890085e-02
1.716937804857386896e-01
1.680859275993513702e-01
1.640810882935871406e-01
1.590580550911300239e-01
1.437458381134556484e-01
1.259300347713967483e-01
1.241584495063664528e-01
1.186537760386066065e-01
1.093906102125832280e-01
8.894464111845201693e-02
7.757931025271191938e-02
7.388828145899428712e-02
7.132198424835067829e-02
6.720146771493806792e-02
5.935787904512868085e-02
1.651426811941835160e-01
1.593235826106329522e-01
1.533647093883905299e-01
1.420333436052125808e-01
-1.354154398616354005e-01
9.293173868712523156e-02
9.017824880223734851e-02
8.833686402806761873e-02
8.551116362679989091e-02
6.958507496429766626e-02
4.269506825939473060e-02
3.511261676498000917e-02
3.037882424407201132e-02
2.436882677537155484e-02
1.452922198999762049e-02
1.012363107182723265e-02
7.429087251803467851e-03
5.615740202011942905e-03
2.424816925299055903e-03
1.063649895172935622e-03
2.564039364819208355e-01
2.501794830892701826e-01
2.429537631130773701e-01
2.310202296397274591e-01
-5.312220374924137012e-02
1.826716301707589363e-01
1.769973450306427942e-01
1.715859786919240459e-01
1.630465133174213710e-01
1.411294098595565760e-01
1.155654602399788233e-01
1.105201527424511942e-01
1.048627327278386367e-01
1.007747103156969581e-01
9.130663735118982327e-02
8.871435407987204869e-02
6.284074608123346728e-02
4.334289418622194745e-02
2.429254147495318872e-02
1.550494299073124083e-02
2.237670660967830960e-01
2.179030367008243374e-01
2.098734443337118005e-01
1.973109415599406669e-01
-9.570221520669996984e-02
1.491744914558827961e-01
1.464251142412184015e-01
1.426478366333210346e-01
1.362555987329513441e-01
1.179278826485080645e-01
8.954711974747608938e-02
8.539268933889876401e-02
7.364005968542786107e-02
6.490846695139951272e-02
5.959415650935728781e-02
5.658503381262225407e-02
4.790727203887634733e-02
4.093468999240368333e-02
1.751993239741034269e-02
7.551196456420217196e-03
2.070601825989477618e-01
2.016131471350388615e-01
1.933136565540215512e-01
1.815217795618481178e-01
-1.040471549848438482e-01
1.319549424235131330e-01
1.284815882750971472e-01
1.250732867817896388e-01
1.172650920881509462e-01
1.004036045124960808e-01
6.671112405467960471e-02
5.681610466168540707e-02
5.222251699842872519e-02
5.087970436467137425e-02
4.872671270056505577e-02
4.832705706689233160e-02
3.696929758735978400e-02
2.858655251731134772e-02
1.819343932144923404e-02
1.289729746657075626e-02
2.050146943479470574e-01
1.997507586826046122e-01
1.930321047176564164e-01
1.838027478284355309e-01
-9.272745960833495005e-02
1.433267964993589771e-01
1.406362059377270768e-01
1.378683773142439506e-01
1.341351070172603910e-01
1.178037657528899773e-01
1.008576346720371220e-01
9.688959581259348752e-02
9.347562595078329206e-02
8.935567593126525487e-02
7.409816364474641759e-02
6.887273421461848066e-02
4.940344142573038777e-02
3.637370840607523359e-02
3.343825892464857841e-02
2.951111040736209556e-02
2.039431858893195892e-01
1.975462069307103441e-01
1.885102513480979569e-01
1.768226206000778067e-01
-8.809790534739692092e-02
1.278065149639826537e-01
1.227340731404897856e-01
1.152412580610788773e-01
1.064423239631058227e-01
9.069833637202351362e-02
7.118915485328780601e-02
6.714175683915035719e-02
6.039755040960448351e-02
5.657914978098821379e-02
4.987220643365919415e-02
4.536130161080653700e-02
4.218253193920085131e-02
3.923231590926590240e-02
1.513880830689151580e-02
4.690383917284157711e-03
2.218822587178381767e-01
2.145309656890062033e-01
2.072204668170183339e-01
1.973852015762153078e-01
-8.902000092961759314e-02
1.465031301985818546e-01
1.430644451219301727e-01
1.394254648624015935e-01
1.340629645998370201e-01
1.169962770378502048e-01
9.073521614113966294e-02
8.679113474903654701e-02
8.212856424418557566e-02
7.846868126679074074e-02
7.005194213424537075e-02
6.413112237382156966e-02
4.486185954697641254e-02
3.125271701091303367e-02
2.002048210991791422e-02
1.491087816384562004e-02
3.121003414684384580e-01
3.066592759716052496e-01
2.995789510914487197e-01
2.869105400894097491e-01
-1.749157618141139459e-02
2.417685042034628529e-01
2.369016367443400606e-01
2.326472255535619871e-01
2.283832850182865304e-01
2.096224520655680656e-01
1.708514411975368130e-01
1.666872790374186453e-01
1.625989840740441617e-01
1.599202415002666244e-01
1.531534334119117879e-01
1.487418827961315415e-01
1.359314443606135514e-01
1.262649299183105089e-01
1.096482004258534371e-01
9.514874875859957726e-02
2.364256093228915834e-01
2.302428918545634806e-01
2.226444531330713517e-01
2.119089342706962364e-01
-6.670678430159204808e-02
1.620995616747361590e-01
1.597330889988882729e-01
1.560406470336347384e-01
1.522782651245990770e-01
1.379772927520791503e-01
1.136104053633044675e-01
1.126942608716842154e-01
1.074105516597906318e-01
1.029850221727196535e-01
1.009758004465856063e-01
1.011206427597540758e-01
9.033451443738660380e-02
8.226819191274492571e-02
7.141199021497723898e-02
6.157944107254431643e-02
1.961868312674479586e-01
1.895967939788584244e-01
1.805072813002114307e-01
1.674919600287642085e-01
-1.219691690928981220e-01
1.178051499283105930e-01
1.152706754953174428e-01
1.122431895815182434e-01
1.081640296043249183e-01
9.063800153327272735e-02
5.164063989920519848e-02
4.987448385717629940e-02
4.626843877839259545e-02
4.192022449992804933e-02
3.897621026750697215e-02
3.885350540352494608e-02
3.227485624847048484e-02
2.734116573849920684e-02
1.376741198462727578e-02
7.902965646135018396e-03
