4.497453680655794095e-01
4.401869279140403490e-01
4.302885636199874630e-01
4.154128339904017420e-01
1.974343770622921657e-01
3.206439188768714921e-01
3.102917093394892412e-01
2.981733352503598278e-01
2.788286790831059347e-01
2.518025709563843639e-01
1.832413323817997375e-01
1.619848160736814258e-01
1.513205689752448180e-01
1.345898386026556093e-01
1.172633588896372370e-01
1.114286960533237281e-01
7.016206880294284520e-02
3.626469300525192452e-02
1.144185877344761071e-02
2.672817737925048398e-03
5.209173106295654776e-01
5.121797718871019534e-01
4.992967125036773535e-01
4.829085932397482184e-01
2.665167786036697350e-01
3.786343684183717251e-01
3.681141870001717331e-01
3.569919465279387527e-01
3.471207061019691009e-01
3.210962043631500062e-01
1.750009450109450970e-01
1.304624564485605820e-01
1.058910574938237703e-01
1.001924239492041346e-01
8.571022057173338649e-02
8.137687676346461174e-02
7.828993480090962187e-02
7.625044202923247916e-02
4.914133655100982878e-02
3.235440984546256171e-02
5.242885786384102742e-01
5.144057060785576230e-01
5.017366266833372945e-01
4.834136874382739535e-01
2.366005310341051660e-01
3.788346679930176819e-01
3.660998766529198756e-01
3.558245444846569461e-01
3.392895178638634102e-01
3.060018344939601231e-01
1.881003392301852095e-01
1.700795767028911998e-01
1.506434704113887024e-01
1.378345005571459669e-01
1.123914743717531195e-01
1.064959824549774892e-01
8.730822236442370432e-02
7.124447651530663173e-02
5.837721984721444546e-02
4.911157726729886708e-02
5.465288290169538765e-01
5.365567384111246119e-01
5.214224578321553505e-01
4.996489216355824992e-01
2.611168643816258461e-01
3.837393286903709733e-01
3.740953430981566186e-01
3.605024794385811582e-01
3.424983003697549266e-01
3.097302467751187338e-01
2.468622194057382702e-01
2.361199618825318147e-01
2.203142376195104113e-01
1.925575033932266367e-01
1.309005110362965185e-01
1.008018828184924498e-01
6.467234389221554469e-02
3.527750974834764630e-02
2.359865110350967132e-02
1.873622764097371274e-02
5.806070817647110971e-01
5.721200574704110586e-01
5.639719129733236080e-01
5.502063087097024408e-01
3.246219188834649216e-01
4.415280509303050049e-01
4.226532104967068992e-01
4.069806874858051815e-01
3.880035654096285480e-01
3.472866499837132803e-01
2.589682452009536284e-01
2.549791787604809290e-01
2.323041827838797646e-01
2.007247803422690380e-01
1.369435716963192107e-01
9.694475610634789575e-02
5.299368854866870482e-02
2.676109760161660134e-02
7.631519154209454037e-03
2.080491405641815561e-03
6.024145953864694647e-01
5.926063847481730651e-01
5.787832715316956200e-01
5.609288652595052493e-01
3.134366607973718688e-01
4.523898917464167502e-01
4.461180715692203425e-01
4.405135358651174338e-01
4.291549504318568076e-01
3.924127255969394046e-01
2.849567684855706107e-01
2.687811200248406696e-01
2.579969660439735968e-01
2.030065276070115443e-01
1.393304500493471876e-01
1.163237965219896530e-01
8.911337722340362255e-02
7.311488125664522553e-02
5.973413923115877822e-02
5.135559258756694501e-02
4.602255431865862612e-01
4.496478947728735909e-01
4.363146740806753687e-01
4.168427858865118019e-01
1.900471857656742536e-01
2.791065976391864378e-01
2.634961180505718259e-01
2.544072691973761069e-01
2.387674176386910263e-01
2.112233420734439537e-01
1.384655573306510234e-01
1.282978943415544748e-01
1.108819706679082806e-01
9.409533500465305789e-02
7.874909843259014774e-02
7.105353391972712984e-02
6.560924900066089638e-02
6.156882205363978233e-02
4.608618440429135266e-02
3.686389448037952210e-02
5.585604350527776374e-01
5.502674976578771915e-01
5.404399648678200885e-01
5.250673114594961444e-01
3.331681378399199422e-01
4.095395563467695288e-01
3.971248727836447223e-01
3.834089068370215569e-01
3.662343718637386392e-01
3.287760071321307320e-01
2.674691389072911818e-01
2.571508060034958243e-01
2.475557687584870603e-01
2.086261115182050929e-01
1.564606547040111595e-01
1.289338201316175825e-01
1.216518155548950153e-01
1.176182193135422160e-01
8.180984929509382830e-02
6.018284473929458311e-02
5.472163690980378359e-01
5.375636078225263237e-01
5.277150454281089864e-01
5.118361280099170685e-01
2.823057007887240788e-01
4.049691124412621024e-01
3.980828834028368179e-01
3.904572850083182223e-01
3.749017326916366244e-01
3.411518150210220979e-01
2.714214727175111586e-01
2.510246746539721574e-01
2.416702942092801010e-01
2.341397629902139954e-01
2.125012637773134871e-01
1.933520748766307529e-01
1.884137186749615944e-01
1.847733143977250414e-01
1.329625307370478904e-01
9.925894576794580537e-02
5.674569389681944909e-01
5.593661717390068233e-01
5.512193944507409737e-01
5.373207468324877611e-01
3.468836298751036828e-01
4.428070688909025998e-01
4.317686504892345178e-01
4.199487265001374814e-01
3.945420154513601396e-01
3.645611255932714734e-01
2.924528630547823527e-01
2.734129397819433649e-01
2.366013378316967897e-01
1.896068084140796195e-01
1.632231651712647835e-01
1.645353853884243822e-01
1.299510244804289449e-01
1.089607992215865240e-01
3.666162849952214753e-02
1.519370167868949739e-02
4.929302088629203826e-01
4.849956072103448479e-01
4.750988909227819024e-01
4.605831211249918899e-01
2.590187001402303180e-01
3.313405868333320070e-01
3.223858433340951457e-01
3.112979415305557884e-01
3.013691755748569845e-01
2.720016469501614909e-01
1.892590460734963065e-01
1.652471860457814801e-01
1.274692105101808970e-01
9.696969780758069035e-02
4.657632096422059664e-02
3.609654894770852884e-02
3.186301882588893353e-02
2.898139921797171503e-02
1.302280811695299967e-02
5.759578528307329748e-03
