6.279380986203534354e-01
6.168502878079266116e-01
5.999394303713021515e-01
5.603928995330051954e-01
4.972166576848666697e-01
4.582074627142088685e-01
4.435343442597619035e-01
4.221894883695687106e-01
4.097046123532418482e-01
3.742066828269606793e-01
2.552041256522896706e-01
2.144428709328575211e-01
1.985514636805537636e-01
1.718829539670949647e-01
1.342246891375821205e-01
1.354038603453056044e-01
1.257972498318449261e-01
1.247739890159684784e-01
1.202156537759642152e-01
1.087073126357726016e-01
6.236000216803663232e-01
6.136754654294860334e-01
5.995656553482009432e-01
5.682194849118318292e-01
5.109030281889623826e-01
4.615537068493555939e-01
4.466421704684581107e-01
4.239509564430246069e-01
4.108925212195766452e-01
3.768853803356329024e-01
2.591748075862045919e-01
2.182969017597040651e-01
2.023232498685895164e-01
1.751116673573902549e-01
1.352859095815570623e-01
1.364153879154499371e-01
1.260957861169360594e-01
1.250071818546871771e-01
1.205738657629609190e-01
1.090858289095023581e-01
6.209209441015088871e-01
6.093283425865625436e-01
5.917189667673607989e-01
5.436917868636090834e-01
4.821460745774405199e-01
4.677563801901936102e-01
4.526320154978306087e-01
4.279815278866772044e-01
4.124746344479602866e-01
3.792768197791025475e-01
2.630992573202055596e-01
2.220297925286848217e-01
2.060042255222823693e-01
1.783428214461975081e-01
1.363868579362400579e-01
1.374634218945153252e-01
1.264174940102907874e-01
1.252519281108960270e-01
1.209321184455653952e-01
1.094635486052325524e-01
6.301302781856787938e-01
6.198341756109672085e-01
6.050089978113155631e-01
5.699988054878490917e-01
4.996918485024230971e-01
4.753260787899479256e-01
4.604152342443696977e-01
4.337811038274487219e-01
4.145431478920811319e-01
3.814975194089771371e-01
2.669718699021201846e-01
2.256409901312514954e-01
2.095874814014809795e-01
1.815651357001532018e-01
1.375254355547598228e-01
1.385458868334874527e-01
1.267620319335750478e-01
1.255081235621424707e-01
1.212903908096186756e-01
1.098404585045648085e-01
6.304576887533442919e-01
6.201365772960965028e-01
6.055577718552187516e-01
5.722002433534131294e-01
5.119878271628182098e-01
4.809706082608233846e-01
4.677150017881176458e-01
4.399723288997020587e-01
4.170573527741968656e-01
3.836190231223948199e-01
2.707875311576880550e-01
2.291312050719834792e-01
2.130680412227252685e-01
1.847683016145796886e-01
1.386995063617197932e-01
1.396606926218723066e-01
1.271290320874007840e-01
1.257756577277137078e-01
1.216486620421847187e-01
1.102165456999781856e-01
6.294437106715607966e-01
6.194113256902963327e-01
6.051995976224149310e-01
5.732440837211917328e-01
5.171232363868576432e-01
4.823612824945598954e-01
4.720727848005443761e-01
4.449395991260194361e-01
4.198319481761987326e-01
3.856734216854396102e-01
2.745416335780782591e-01
2.325021308933485908e-01
2.164425825653635282e-01
1.879429997069831382e-01
1.399069067552709544e-01
1.408057375183054960e-01
1.275181013829402854e-01
1.260544140179180594e-01
1.220069115342465871e-01
1.105917975910160056e-01
6.309194907474694469e-01
6.206777137344126061e-01
6.060760237930722383e-01
5.736363323447295492e-01
5.169629176124570513e-01
4.804155834141643489e-01
4.725530878445989291e-01
4.477151695141314836e-01
4.225723542226142992e-01
3.876603230269017875e-01
2.782300869546384670e-01
2.357562112460032111e-01
2.197091820813742435e-01
1.910808986394447739e-01
1.411454552471431700e-01
1.419789243013142022e-01
1.279288228879765787e-01
1.263442698590497848e-01
1.223651188831503811e-01
1.109662018804739025e-01
6.308648252766696496e-01
6.208855605103960063e-01
6.064740525639447100e-01
5.738105744119545992e-01
5.168192049013624612e-01
4.773011260646525811e-01
4.703093265707464221e-01
4.482895761296080694e-01
4.249592458236404191e-01
3.895556435964090403e-01
2.818493257159527809e-01
2.388964477464022851e-01
2.228670864289474807e-01
1.941746389501990411e-01
1.424129617775647949e-01
1.431781650604525558e-01
1.283607570509741613e-01
1.266450968516036335e-01
1.227232638950589427e-01
1.113397465706110756e-01
6.308378265249106054e-01
6.208637469331832470e-01
6.065645889936892576e-01
5.739988375826683420e-01
5.164535659417683888e-01
4.742434501351439069e-01
4.671992091176612183e-01
4.472717075587108182e-01
4.267470708323012341e-01
3.913217809521839508e-01
2.853963032052911908e-01
2.419262428837103407e-01
2.259165090209671600e-01
1.972178039146927908e-01
1.437072366487947006e-01
1.444013897844752536e-01
1.288134432129007800e-01
1.269567609239720118e-01
1.230813265872190421e-01
1.117124199593425571e-01
6.308103733539667246e-01
6.208333492160469369e-01
6.065650003022160508e-01
5.740797301043167877e-01
5.161471976789371308e-01
4.716686127215210522e-01
4.643986866640837929e-01
4.454214538512054622e-01
4.278262746227150526e-01
3.929179400585133264e-01
2.888684817759401557e-01
2.448492723906935398e-01
2.288584517131229124e-01
2.002048800046942745e-01
1.450260990283099849e-01
1.456465552922674433e-01
1.292864009178815721e-01
1.272791224924956222e-01
1.234392871899121502e-01
1.120842106364670077e-01
6.307794159339150664e-01
6.208030325278441897e-01
6.065367180699023919e-01
5.740714593812120681e-01
5.160120528022373865e-01
4.698045832745969541e-01
4.622673704423347907e-01
4.433731331528331099e-01
4.282248178131979888e-01
3.943090240880193775e-01
2.922638097897567455e-01
2.476693824444607950e-01
2.316945499613631831e-01
2.031312092856593088e-01
1.463673849799349558e-01
1.469116450971168497e-01
1.297791313509099043e-01
1.276120366413464602e-01
1.237971261487635921e-01
1.124551074798744166e-01
